0.0	-1.52840
0.1	-1.53740
0.2	-1.54640
0.3	-1.55520
0.4	-1.56370
0.5	-1.57210
0.6	-1.58070
0.7	-1.58930
0.8	-1.59770
0.9	-1.60590
1.0	-1.61410
1.1	-1.62240
1.2	-1.63070
1.3	-1.63890
1.4	-1.64690
1.5	-1.65460
1.6	-1.66250
1.7	-1.67050
1.8	-1.67850
1.9	-1.68630
2.0	-1.69380
2.1	-1.70140
2.2	-1.70900
2.3	-1.71660
2.4	-1.72400
2.5	-1.73130
2.6	-1.73850
2.7	-1.74590
2.8	-1.75330
2.9	-1.76060
3.0	-1.76750
3.1	-1.77430
3.2	-1.78130
3.3	-1.78840
3.4	-1.79550
3.5	-1.80230
3.6	-1.80910
3.7	-1.81570
3.8	-1.82240
3.9	-1.82920
4.0	-1.83580
4.1	-1.84210
4.2	-1.84850
4.3	-1.85520
4.4	-1.86180
4.5	-1.86820
4.6	-1.87440
4.7	-1.88040
4.8	-1.88660
4.9	-1.89280
5.0	-1.89920
5.1	-1.90540
5.2	-1.91130
5.3	-1.91720
5.4	-1.92330
5.5	-1.92940
5.6	-1.93510
5.7	-1.94080
5.8	-1.94660
5.9	-1.95250
6.0	-1.95830
6.1	-1.96400
6.2	-1.96950
6.3	-1.97480
6.4	-1.98030
6.5	-1.98600
6.6	-1.99160
6.7	-1.99680
6.8	-2.00200
6.9	-2.00730
7.0	-2.01260
7.1	-2.01790
7.2	-2.02310
7.3	-2.02810
7.4	-2.03300
7.5	-2.03810
7.6	-2.04350
7.7	-2.04850
7.8	-2.05320
7.9	-2.05780
8.0	-2.06270
8.1	-2.06750
8.2	-2.07230
8.3	-2.07700
8.4	-2.08160
8.5	-2.08610
8.6	-2.09080
8.7	-2.09560
8.8	-2.10000
8.9	-2.10420
9.0	-2.10860
9.1	-2.11320
9.2	-2.11770
9.3	-2.12200
9.4	-2.12630
9.5	-2.13070
9.6	-2.13490
9.7	-2.13890
9.8	-2.14310
9.9	-2.14720
10.0	-2.15110
10.1	-2.15530
10.2	-2.15980
10.3	-2.16400
10.4	-2.16760
10.5	-2.17100
10.6	-2.17470
10.7	-2.17860
10.8	-2.18230
10.9	-2.18620
11.0	-2.18990
11.1	-2.19350
11.2	-2.19700
11.3	-2.20070
11.4	-2.20410
11.5	-2.20710
11.6	-2.21030
11.7	-2.21390
11.8	-2.21760
11.9	-2.22100
12.0	-2.22410
12.1	-2.22710
12.2	-2.23000
12.3	-2.23300
12.4	-2.23610
12.5	-2.23920
12.6	-2.24210
12.7	-2.24490
12.8	-2.24810
12.9	-2.25110
13.0	-2.25370
13.1	-2.25610
13.2	-2.25870
13.3	-2.26140
13.4	-2.26430
13.5	-2.26720
13.6	-2.26990
13.7	-2.27220
13.8	-2.27440
13.9	-2.27700
14.0	-2.27950
14.1	-2.28160
14.2	-2.28380
14.3	-2.28630
14.4	-2.28870
14.5	-2.29110
14.6	-2.29330
14.7	-2.29530
14.8	-2.29700
14.9	-2.29900
15.0	-2.30130
15.1	-2.30340
15.2	-2.30530
15.3	-2.30720
15.4	-2.30920
15.5	-2.31100
15.6	-2.31280
15.7	-2.31440
15.8	-2.31610
15.9	-2.31770
16.0	-2.31940
16.1	-2.32140
16.2	-2.32300
16.3	-2.32420
16.4	-2.32540
16.5	-2.32680
16.6	-2.32820
16.7	-2.32960
16.8	-2.33100
16.9	-2.33230
17.0	-2.33360
17.1	-2.33490
17.2	-2.33610
17.3	-2.33710
17.4	-2.33780
17.5	-2.33880
17.6	-2.34000
17.7	-2.34120
17.8	-2.34210
17.9	-2.34290
18.0	-2.34360
18.1	-2.34430
18.2	-2.34510
18.3	-2.34590
18.4	-2.34650
18.5	-2.34710
18.6	-2.34780
18.7	-2.34850
18.8	-2.34910
18.9	-2.34930
19.0	-2.34950
19.1	-2.34980
19.2	-2.35030
19.3	-2.35090
19.4	-2.35130
19.5	-2.35150
19.6	-2.35140
19.7	-2.35160
19.8	-2.35180
19.9	-2.35180
20.0	-2.35170
20.1	-2.35160
20.2	-2.35170
20.3	-2.35170
20.4	-2.35160
20.5	-2.35130
20.6	-2.35090
20.7	-2.35050
20.8	-2.35040
20.9	-2.35030
21.0	-2.35000
21.1	-2.34940
21.2	-2.34890
21.3	-2.34840
21.4	-2.34790
21.5	-2.34730
21.6	-2.34670
21.7	-2.34610
21.8	-2.34550
21.9	-2.34500
22.0	-2.34430
22.1	-2.34350
22.2	-2.34240
22.3	-2.34150
22.4	-2.34070
22.5	-2.33990
22.6	-2.33890
22.7	-2.33780
22.8	-2.33660
22.9	-2.33560
23.0	-2.33450
23.1	-2.33340
23.2	-2.33220
23.3	-2.33090
23.4	-2.32970
23.5	-2.32860
23.6	-2.32740
23.7	-2.32570
23.8	-2.32390
23.9	-2.32230
24.0	-2.32130
24.1	-2.32060
24.2	-2.31940
24.3	-2.31740
24.4	-2.31540
24.5	-2.31350
24.6	-2.31160
24.7	-2.30980
24.8	-2.30830
24.9	-2.30700
25.0	-2.30520
25.1	-2.30320
25.2	-2.30120
25.3	-2.29900
25.4	-2.29620
25.5	-2.29370
25.6	-2.29200
25.7	-2.29080
25.8	-2.28900
25.9	-2.28680
26.0	-2.28470
26.1	-2.28220
26.2	-2.27920
26.3	-2.27650
26.4	-2.27450
26.5	-2.27260
26.6	-2.27060
26.7	-2.26900
26.8	-2.26750
26.9	-2.26510
27.0	-2.26170
27.1	-2.25870
27.2	-2.25650
27.3	-2.25430
27.4	-2.25160
27.5	-2.24910
27.6	-2.24700
27.7	-2.24440
27.8	-2.24100
27.9	-2.23770
28.0	-2.23460
28.1	-2.23140
28.2	-2.22820
28.3	-2.22560
28.4	-2.22290
28.5	-2.21940
28.6	-2.21540
28.7	-2.21180
28.8	-2.20840
28.9	-2.20470
29.0	-2.20080
29.1	-2.19740
29.2	-2.19430
29.3	-2.19100
29.4	-2.18740
29.5	-2.18390
29.6	-2.18000
29.7	-2.17580
29.8	-2.17170
29.9	-2.16800
30.0	-2.16400
30.1	-2.15970
30.2	-2.15570
30.3	-2.15220
30.4	-2.14840
30.5	-2.14440
30.6	-2.14070
30.7	-2.13700
30.8	-2.13270
30.9	-2.12840
31.0	-2.12490
31.1	-2.12130
31.2	-2.11680
31.3	-2.11230
31.4	-2.10850
31.5	-2.10480
31.6	-2.10040
31.7	-2.09570
31.8	-2.09140
31.9	-2.08730
32.0	-2.08260
32.1	-2.07740
32.2	-2.07230
32.3	-2.06740
32.4	-2.06240
32.5	-2.05790
32.6	-2.05410
32.7	-2.05010
32.8	-2.04510
32.9	-2.03930
33.0	-2.03390
33.1	-2.02890
33.2	-2.02380
33.3	-2.01890
33.4	-2.01460
33.5	-2.01020
33.6	-2.00510
33.7	-1.99930
33.8	-1.99320
33.9	-1.98710
34.0	-1.98130
34.1	-1.97620
34.2	-1.97160
34.3	-1.96670
34.4	-1.96110
34.5	-1.95540
34.6	-1.94980
34.7	-1.94370
34.8	-1.93740
34.9	-1.93120
35.0	-1.92550
35.1	-1.91990
35.2	-1.91440
35.3	-1.90890
35.4	-1.90300
35.5	-1.89650
35.6	-1.89010
35.7	-1.88410
35.8	-1.87820
35.9	-1.87190
36.0	-1.86580
36.1	-1.85990
36.2	-1.85390
36.3	-1.84770
36.4	-1.84170
36.5	-1.83570
36.6	-1.82940
36.7	-1.82340
36.8	-1.81840
36.9	-1.81410
37.0	-1.80920
37.1	-1.80330
37.2	-1.79720
37.3	-1.79100
37.4	-1.78430
37.5	-1.77740
37.6	-1.77140
37.7	-1.76630
37.8	-1.76140
37.9	-1.75600
38.0	-1.75050
38.1	-1.74460
38.2	-1.73780
38.3	-1.73030
38.4	-1.72330
38.5	-1.71720
38.6	-1.71160
38.7	-1.70600
38.8	-1.70040
38.9	-1.69430
39.0	-1.68710
39.1	-1.67920
39.2	-1.67160
39.3	-1.66450
39.4	-1.65770
39.5	-1.65130
39.6	-1.64520
39.7	-1.63880
39.8	-1.63160
39.9	-1.62400
40.0	-1.61630
40.1	-1.60870
40.2	-1.60100
40.3	-1.59400
40.4	-1.58780
40.5	-1.58190
40.6	-1.57550
40.7	-1.56800
40.8	-1.55970
40.9	-1.55100
41.0	-1.54270
41.1	-1.53520
41.2	-1.52860
41.3	-1.52220
41.4	-1.51550
41.5	-1.50800
41.6	-1.49990
41.7	-1.49130
41.8	-1.48270
41.9	-1.47450
42.0	-1.46710
42.1	-1.46030
42.2	-1.45360
42.3	-1.44630
42.4	-1.43820
42.5	-1.42940
42.6	-1.42050
42.7	-1.41210
42.8	-1.40440
42.9	-1.39720
43.0	-1.39010
43.1	-1.38240
43.2	-1.37420
43.3	-1.36590
43.4	-1.35730
43.5	-1.34870
43.6	-1.34050
43.7	-1.33280
43.8	-1.32520
43.9	-1.31720
44.0	-1.30890
44.1	-1.30040
44.2	-1.29170
44.3	-1.28320
44.4	-1.27500
44.5	-1.26700
44.6	-1.25880
44.7	-1.25050
44.8	-1.24230
44.9	-1.23390
45.0	-1.22500
45.1	-1.21580
45.2	-1.20710
45.3	-1.19880
45.4	-1.19050
45.5	-1.18220
45.6	-1.17380
45.7	-1.16520
45.8	-1.15640
45.9	-1.14760
46.0	-1.13880
46.1	-1.12990
46.2	-1.12100
46.3	-1.11250
46.4	-1.10430
46.5	-1.09570
46.6	-1.08660
46.7	-1.07750
46.8	-1.06850
46.9	-1.05950
47.0	-1.05050
47.1	-1.04170
47.2	-1.03300
47.3	-1.02410
47.4	-1.01530
47.5	-1.00650
47.6	-0.99730
47.7	-0.98770
47.8	-0.97830
47.9	-0.96940
48.0	-0.96070
48.1	-0.95180
48.2	-0.94260
48.3	-0.93330
48.4	-0.92380
48.5	-0.91410
48.6	-0.90450
48.7	-0.89520
48.8	-0.88590
48.9	-0.87660
49.0	-0.86760
49.1	-0.85840
49.2	-0.84880
49.3	-0.83890
49.4	-0.82930
49.5	-0.82000
49.6	-0.81080
49.7	-0.80140
49.8	-0.79190
49.9	-0.78210
50.0	-0.77210
50.1	-0.76230
50.2	-0.75250
50.3	-0.74270
50.4	-0.73300
50.5	-0.72370
50.6	-0.71450
50.7	-0.70490
50.8	-0.69480
50.9	-0.68460
51.0	-0.67450
51.1	-0.66450
51.2	-0.65490
51.3	-0.64540
51.4	-0.63570
51.5	-0.62580
51.6	-0.61590
51.7	-0.60590
51.8	-0.59570
51.9	-0.58550
52.0	-0.57540
52.1	-0.56570
52.2	-0.55610
52.3	-0.54640
52.4	-0.53640
52.5	-0.52600
52.6	-0.51550
52.7	-0.50530
52.8	-0.49530
52.9	-0.48530
53.0	-0.47520
53.1	-0.46520
53.2	-0.45520
53.3	-0.44500
53.4	-0.43460
53.5	-0.42410
53.6	-0.41360
53.7	-0.40330
53.8	-0.39340
53.9	-0.38350
54.0	-0.37330
54.1	-0.36280
54.2	-0.35230
54.3	-0.34190
54.4	-0.33160
54.5	-0.32110
54.6	-0.31070
54.7	-0.30040
54.8	-0.29020
54.9	-0.27990
55.0	-0.26950
55.1	-0.25870
55.2	-0.24790
55.3	-0.23730
55.4	-0.22710
55.5	-0.21680
55.6	-0.20640
55.7	-0.19580
55.8	-0.18520
55.9	-0.17460
56.0	-0.16390
56.1	-0.15320
56.2	-0.14250
56.3	-0.13190
56.4	-0.12150
56.5	-0.11120
56.6	-0.10060
56.7	-0.08970
56.8	-0.07870
56.9	-0.06790
57.0	-0.05730
57.1	-0.04680
57.2	-0.03610
57.3	-0.02530
57.4	-0.01460
57.5	-0.00390
57.6	0.00690
57.7	0.01790
57.8	0.02890
57.9	0.03980
58.0	0.05040
58.1	0.06100
58.2	0.07170
58.3	0.08270
58.4	0.09390
58.5	0.10500
58.6	0.11580
58.7	0.12670
58.8	0.13770
58.9	0.14870
59.0	0.15950
59.1	0.17030
59.2	0.18110
59.3	0.19220
59.4	0.20350
59.5	0.21460
59.6	0.22550
59.7	0.23620
59.8	0.24710
59.9	0.25830
60.0	0.26950
60.1	0.28050
60.2	0.29150
60.3	0.30250
60.4	0.31370
60.5	0.32470
60.6	0.33570
60.7	0.34650
60.8	0.35740
60.9	0.36860
61.0	0.38000
61.1	0.39130
61.2	0.40230
61.3	0.41310
61.4	0.42420
61.5	0.43550
61.6	0.44680
61.7	0.45800
61.8	0.46910
61.9	0.48030
62.0	0.49150
62.1	0.50280
62.2	0.51390
62.3	0.52480
62.4	0.53590
62.5	0.54720
62.6	0.55860
62.7	0.56990
62.8	0.58100
62.9	0.59200
63.0	0.60320
63.1	0.61450
63.2	0.62580
63.3	0.63690
63.4	0.64800
63.5	0.65930
63.6	0.67070
63.7	0.68210
63.8	0.69340
63.9	0.70440
64.0	0.71560
64.1	0.72690
64.2	0.73840
64.3	0.74980
64.4	0.76100
64.5	0.77210
64.6	0.78340
64.7	0.79480
64.8	0.80620
64.9	0.81730
65.0	0.82850
65.1	0.83980
65.2	0.85130
65.3	0.86270
65.4	0.87390
65.5	0.88500
65.6	0.89620
65.7	0.90760
65.8	0.91920
65.9	0.93060
66.0	0.94180
66.1	0.95300
66.2	0.96430
66.3	0.97590
66.4	0.98740
66.5	0.99860
66.6	1.00990
66.7	1.02120
66.8	1.03280
66.9	1.04430
67.0	1.05560
67.1	1.06670
67.2	1.07790
67.3	1.08930
67.4	1.10080
67.5	1.11220
67.6	1.12340
67.7	1.13460
67.8	1.14600
67.9	1.15750
68.0	1.16890
68.1	1.18010
68.2	1.19120
68.3	1.20250
68.4	1.21410
68.5	1.22560
68.6	1.23690
68.7	1.24810
68.8	1.25930
68.9	1.27070
69.0	1.28210
69.1	1.29340
69.2	1.30460
69.3	1.31580
69.4	1.32720
69.5	1.33870
69.6	1.35010
69.7	1.36130
69.8	1.37240
69.9	1.38370
70.0	1.39510
70.1	1.40650
70.2	1.41770
70.3	1.42880
70.4	1.43990
70.5	1.45130
70.6	1.46270
70.7	1.47390
70.8	1.48500
70.9	1.49620
71.0	1.50750
71.1	1.51890
71.2	1.53020
71.3	1.54130
71.4	1.55230
71.5	1.56340
71.6	1.57480
71.7	1.58610
71.8	1.59730
71.9	1.60830
72.0	1.61940
72.1	1.63060
72.2	1.64190
72.3	1.65300
72.4	1.66400
72.5	1.67500
72.6	1.68630
72.7	1.69760
72.8	1.70880
72.9	1.71980
73.0	1.73080
73.1	1.74180
73.2	1.75310
73.3	1.76430
73.4	1.77540
73.5	1.78630
73.6	1.79730
73.7	1.80840
73.8	1.81970
73.9	1.83070
74.0	1.84160
74.1	1.85250
74.2	1.86360
74.3	1.87480
74.4	1.88580
74.5	1.89670
74.6	1.90750
74.7	1.91840
74.8	1.92960
74.9	1.94070
75.0	1.95170
75.1	1.96250
75.2	1.97340
75.3	1.98440
75.4	1.99550
75.5	2.00640
75.6	2.01710
75.7	2.02790
75.8	2.03880
75.9	2.04980
76.0	2.06060
76.1	2.07130
76.2	2.08190
76.3	2.09270
76.4	2.10370
76.5	2.11460
76.6	2.12520
76.7	2.13580
76.8	2.14650
76.9	2.15740
77.0	2.16830
77.1	2.17900
77.2	2.18960
77.3	2.20020
77.4	2.21100
77.5	2.22190
77.6	2.23260
77.7	2.24310
77.8	2.25370
77.9	2.26440
78.0	2.27510
78.1	2.28590
78.2	2.29630
78.3	2.30670
78.4	2.31730
78.5	2.32800
78.6	2.33880
78.7	2.34940
78.8	2.35980
78.9	2.37020
79.0	2.38080
79.1	2.39140
79.2	2.40190
79.3	2.41220
79.4	2.42240
79.5	2.43280
79.6	2.44330
79.7	2.45370
79.8	2.46390
79.9	2.47410
80.0	2.48430
80.1	2.49480
80.2	2.50530
80.3	2.51560
80.4	2.52570
80.5	2.53590
80.6	2.54620
80.7	2.55660
80.8	2.56680
80.9	2.57680
81.0	2.58690
81.1	2.59700
81.2	2.60730
81.3	2.61740
81.4	2.62740
81.5	2.63720
81.6	2.64720
81.7	2.65740
81.8	2.66760
81.9	2.67750
82.0	2.68730
82.1	2.69720
82.2	2.70720
82.3	2.71730
82.4	2.72720
82.5	2.73690
82.6	2.74660
82.7	2.75640
82.8	2.76640
82.9	2.77620
83.0	2.78580
83.1	2.79540
83.2	2.80510
83.3	2.81490
83.4	2.82470
83.5	2.83430
83.6	2.84380
83.7	2.85330
83.8	2.86300
83.9	2.87270
84.0	2.88230
84.1	2.89160
84.2	2.90100
84.3	2.91050
84.4	2.92020
84.5	2.92980
84.6	2.93920
84.7	2.94840
84.8	2.95780
84.9	2.96740
85.0	2.97680
85.1	2.98620
85.2	2.99530
85.3	3.00450
85.4	3.01390
85.5	3.02330
85.6	3.03250
85.7	3.04150
85.8	3.05050
85.9	3.05970
86.0	3.06890
86.1	3.07810
86.2	3.08700
86.3	3.09590
86.4	3.10490
86.5	3.11410
86.6	3.12310
86.7	3.13190
86.8	3.14050
86.9	3.14930
87.0	3.15820
87.1	3.16720
87.2	3.17600
87.3	3.18460
87.4	3.19330
87.5	3.20210
87.6	3.21100
87.7	3.21970
87.8	3.22820
87.9	3.23670
88.0	3.24530
88.1	3.25410
88.2	3.26280
88.3	3.27120
88.4	3.27960
88.5	3.28800
88.6	3.29660
88.7	3.30520
88.8	3.31360
88.9	3.32180
89.0	3.33010
89.1	3.33850
89.2	3.34700
89.3	3.35530
89.4	3.36340
89.5	3.37160
89.6	3.37980
89.7	3.38820
89.8	3.39630
89.9	3.40430
90.0	3.41220
90.1	3.42020
90.2	3.42840
90.3	3.43650
90.4	3.44440
90.5	3.45220
90.6	3.46010
90.7	3.46800
90.8	3.47590
90.9	3.48370
91.0	3.49130
91.1	3.49890
91.2	3.50680
91.3	3.51470
91.4	3.52250
91.5	3.53010
91.6	3.53770
91.7	3.54530
91.8	3.55310
91.9	3.56080
92.0	3.56830
92.1	3.57560
92.2	3.58310
92.3	3.59070
92.4	3.59820
92.5	3.60560
92.6	3.61280
92.7	3.62010
92.8	3.62740
92.9	3.63490
93.0	3.64210
93.1	3.64920
93.2	3.65620
93.3	3.66340
93.4	3.67070
93.5	3.67790
93.6	3.68490
93.7	3.69190
93.8	3.69890
93.9	3.70600
94.0	3.71320
94.1	3.72010
94.2	3.72690
94.3	3.73370
94.4	3.74060
94.5	3.74740
94.6	3.75410
94.7	3.76070
94.8	3.76730
94.9	3.77390
95.0	3.78070
95.1	3.78730
95.2	3.79380
95.3	3.80010
95.4	3.80650
95.5	3.81310
95.6	3.81960
95.7	3.82590
95.8	3.83210
95.9	3.83830
96.0	3.84460
96.1	3.85090
96.2	3.85710
96.3	3.86320
96.4	3.86910
96.5	3.87530
96.6	3.88160
96.7	3.88770
96.8	3.89360
96.9	3.89950
97.0	3.90550
97.1	3.91160
97.2	3.91760
97.3	3.92340
97.4	3.92920
97.5	3.93490
97.6	3.94070
97.7	3.94660
97.8	3.95220
97.9	3.95770
98.0	3.96320
98.1	3.96880
98.2	3.97450
98.3	3.98010
98.4	3.98550
98.5	3.99080
98.6	3.99620
98.7	4.00160
98.8	4.00710
98.9	4.01240
99.0	4.01750
99.1	4.02270
99.2	4.02800
99.3	4.03330
99.4	4.03840
99.5	4.04330
99.6	4.04830
99.7	4.05340
99.8	4.05860
99.9	4.06370
100.0	4.06860
100.1	4.07340
100.2	4.07830
100.3	4.08320
100.4	4.08810
100.5	4.09280
100.6	4.09740
100.7	4.10210
100.8	4.10690
100.9	4.11160
101.0	4.11620
101.1	4.12060
101.2	4.12500
101.3	4.12960
101.4	4.13420
101.5	4.13860
101.6	4.14290
101.7	4.14700
101.8	4.15120
101.9	4.15550
102.0	4.15970
102.1	4.16380
102.2	4.16780
102.3	4.17190
102.4	4.17610
102.5	4.18020
102.6	4.18410
102.7	4.18780
102.8	4.19160
102.9	4.19560
103.0	4.19960
103.1	4.20340
103.2	4.20710
103.3	4.21070
103.4	4.21440
103.5	4.21810
103.6	4.22180
103.7	4.22530
103.8	4.22870
103.9	4.23220
104.0	4.23570
104.1	4.23920
104.2	4.24250
104.3	4.24570
104.4	4.24890
104.5	4.25220
104.6	4.25560
104.7	4.25880
104.8	4.26180
104.9	4.26480
105.0	4.26800
105.1	4.27120
105.2	4.27430
105.3	4.27720
105.4	4.28000
105.5	4.28300
105.6	4.28610
105.7	4.28900
105.8	4.29180
105.9	4.29460
106.0	4.29730
106.1	4.30010
106.2	4.30280
106.3	4.30550
106.4	4.30800
106.5	4.31050
106.6	4.31310
106.7	4.31570
106.8	4.31820
106.9	4.32050
107.0	4.32270
107.1	4.32510
107.2	4.32760
107.3	4.33000
107.4	4.33210
107.5	4.33420
107.6	4.33630
107.7	4.33860
107.8	4.34080
107.9	4.34280
108.0	4.34470
108.1	4.34660
108.2	4.34860
108.3	4.35060
108.4	4.35250
108.5	4.35420
108.6	4.35580
108.7	4.35760
108.8	4.35940
108.9	4.36110
109.0	4.36260
109.1	4.36410
109.2	4.36560
109.3	4.36720
109.4	4.36870
109.5	4.37010
109.6	4.37140
109.7	4.37270
109.8	4.37410
109.9	4.37550
110.0	4.37660
110.1	4.37770
110.2	4.37880
110.3	4.37990
110.4	4.38110
110.5	4.38220
110.6	4.38310
110.7	4.38400
110.8	4.38490
110.9	4.38580
111.0	4.38680
111.1	4.38750
111.2	4.38810
111.3	4.38880
111.4	4.38960
111.5	4.39040
111.6	4.39100
111.7	4.39140
111.8	4.39180
111.9	4.39230
112.0	4.39300
112.1	4.39340
112.2	4.39370
112.3	4.39390
112.4	4.39430
112.5	4.39470
112.6	4.39500
112.7	4.39510
112.8	4.39510
112.9	4.39520
113.0	4.39530
113.1	4.39550
113.2	4.39540
113.3	4.39520
113.4	4.39500
113.5	4.39500
113.6	4.39490
113.7	4.39470
113.8	4.39440
113.9	4.39410
114.0	4.39380
114.1	4.39360
114.2	4.39330
114.3	4.39280
114.4	4.39220
114.5	4.39160
114.6	4.39120
114.7	4.39080
114.8	4.39000
114.9	4.38920
115.0	4.38840
115.1	4.38770
115.2	4.38700
115.3	4.38610
115.4	4.38510
115.5	4.38410
115.6	4.38310
115.7	4.38220
115.8	4.38120
115.9	4.38010
116.0	4.37880
116.1	4.37770
116.2	4.37660
116.3	4.37550
116.4	4.37430
116.5	4.37300
116.6	4.37160
116.7	4.37040
116.8	4.36920
116.9	4.36770
117.0	4.36610
117.1	4.36450
117.2	4.36310
117.3	4.36160
117.4	4.36000
117.5	4.35830
117.6	4.35650
117.7	4.35480
117.8	4.35310
117.9	4.35140
118.0	4.34950
118.1	4.34750
118.2	4.34550
118.3	4.34370
118.4	4.34190
118.5	4.33980
118.6	4.33770
118.7	4.33550
118.8	4.33350
118.9	4.33150
119.0	4.32940
119.1	4.32720
119.2	4.32480
119.3	4.32250
119.4	4.32030
119.5	4.31810
119.6	4.31560
119.7	4.31310
119.8	4.31060
119.9	4.30830
120.0	4.30590
120.1	4.30330
120.2	4.30050
120.3	4.29770
120.4	4.29510
120.5	4.29250
120.6	4.28980
120.7	4.28680
120.8	4.28390
120.9	4.28100
121.0	4.27820
121.1	4.27520
121.2	4.27210
121.3	4.26900
121.4	4.26590
121.5	4.26290
121.6	4.25990
121.7	4.25670
121.8	4.25330
121.9	4.25000
122.0	4.24680
122.1	4.24360
122.2	4.24020
122.3	4.23680
122.4	4.23330
122.5	4.22980
122.6	4.22650
122.7	4.22300
122.8	4.21940
122.9	4.21570
123.0	4.21210
123.1	4.20860
123.2	4.20510
123.3	4.20140
123.4	4.19750
123.5	4.19370
123.6	4.19000
123.7	4.18620
123.8	4.18230
123.9	4.17810
124.0	4.17400
124.1	4.17000
124.2	4.16610
124.3	4.16200
124.4	4.15770
124.5	4.15340
124.6	4.14930
124.7	4.14520
124.8	4.14110
124.9	4.13670
125.0	4.13220
125.1	4.12780
125.2	4.12350
125.3	4.11920
125.4	4.11470
125.5	4.11010
125.6	4.10550
125.7	4.10100
125.8	4.09660
125.9	4.09210
126.0	4.08740
126.1	4.08260
126.2	4.07790
126.3	4.07330
126.4	4.06860
126.5	4.06370
126.6	4.05870
126.7	4.05380
126.8	4.04910
126.9	4.04430
127.0	4.03930
127.1	4.03420
127.2	4.02920
127.3	4.02430
127.4	4.01940
127.5	4.01440
127.6	4.00910
127.7	4.00380
127.8	3.99870
127.9	3.99360
128.0	3.98830
128.1	3.98290
128.2	3.97750
128.3	3.97210
128.4	3.96690
128.5	3.96160
128.6	3.95610
128.7	3.95050
128.8	3.94490
128.9	3.93950
129.0	3.93400
129.1	3.92840
129.2	3.92250
129.3	3.91660
129.4	3.91090
129.5	3.90520
129.6	3.89940
129.7	3.89350
129.8	3.88750
129.9	3.88160
130.0	3.87580
130.1	3.87000
130.2	3.86390
130.3	3.85780
130.4	3.85170
130.5	3.84570
130.6	3.83980
130.7	3.83370
130.8	3.82750
130.9	3.82120
131.0	3.81510
131.1	3.80900
131.2	3.80280
131.3	3.79650
131.4	3.79010
131.5	3.78370
131.6	3.77740
131.7	3.77110
131.8	3.76460
131.9	3.75800
132.0	3.75150
132.1	3.74510
132.2	3.73870
132.3	3.73220
132.4	3.72550
132.5	3.71880
132.6	3.71220
132.7	3.70560
132.8	3.69900
132.9	3.69220
133.0	3.68540
133.1	3.67860
133.2	3.67200
133.3	3.66520
133.4	3.65820
133.5	3.65120
133.6	3.64420
133.7	3.63730
133.8	3.63050
133.9	3.62350
134.0	3.61630
134.1	3.60920
134.2	3.60220
134.3	3.59530
134.4	3.58820
134.5	3.58100
134.6	3.57370
134.7	3.56650
134.8	3.55950
134.9	3.55240
135.0	3.54500
135.1	3.53770
135.2	3.53040
135.3	3.52320
135.4	3.51600
135.5	3.50860
135.6	3.50110
135.7	3.49360
135.8	3.48620
135.9	3.47890
136.0	3.47140
136.1	3.46380
136.2	3.45620
136.3	3.44870
136.4	3.44120
136.5	3.43370
136.6	3.42600
136.7	3.41830
136.8	3.41070
136.9	3.40320
137.0	3.39560
137.1	3.38790
137.2	3.38000
137.3	3.37210
137.4	3.36430
137.5	3.35660
137.6	3.34880
137.7	3.34080
137.8	3.33270
137.9	3.32480
138.0	3.31700
138.1	3.30910
138.2	3.30090
138.3	3.29270
138.4	3.28460
138.5	3.27670
138.6	3.26870
138.7	3.26060
138.8	3.25230
138.9	3.24410
139.0	3.23610
139.1	3.22800
139.2	3.21980
139.3	3.21150
139.4	3.20320
139.5	3.19500
139.6	3.18700
139.7	3.17880
139.8	3.17030
139.9	3.16180
140.0	3.15340
140.1	3.14520
140.2	3.13680
140.3	3.12830
140.4	3.11970
140.5	3.11120
140.6	3.10280
140.7	3.09440
140.8	3.08580
140.9	3.07710
141.0	3.06840
141.1	3.05990
141.2	3.05140
141.3	3.04280
141.4	3.03410
141.5	3.02530
141.6	3.01670
141.7	3.00810
141.8	2.99950
141.9	2.99070
142.0	2.98190
142.1	2.97310
142.2	2.96440
142.3	2.95580
142.4	2.94700
142.5	2.93800
142.6	2.92900
142.7	2.92020
142.8	2.91140
142.9	2.90260
143.0	2.89350
143.1	2.88450
143.2	2.87560
143.3	2.86670
143.4	2.85780
143.5	2.84870
143.6	2.83960
143.7	2.83060
143.8	2.82180
143.9	2.81290
144.0	2.80380
144.1	2.79450
144.2	2.78530
144.3	2.77610
144.4	2.76710
144.5	2.75790
144.6	2.74850
144.7	2.73920
144.8	2.73000
144.9	2.72090
145.0	2.71170
145.1	2.70240
145.2	2.69300
145.3	2.68380
145.4	2.67470
145.5	2.66550
145.6	2.65610
145.7	2.64660
145.8	2.63710
145.9	2.62780
146.0	2.61860
146.1	2.60920
146.2	2.59960
146.3	2.59010
146.4	2.58070
146.5	2.57140
146.6	2.56200
146.7	2.55250
146.8	2.54290
146.9	2.53350
147.0	2.52420
147.1	2.51480
147.2	2.50520
147.3	2.49550
147.4	2.48590
147.5	2.47640
147.6	2.46700
147.7	2.45740
147.8	2.44760
147.9	2.43800
148.0	2.42840
148.1	2.41900
148.2	2.40940
148.3	2.39960
148.4	2.38990
148.5	2.38040
148.6	2.37100
148.7	2.36140
148.8	2.35170
148.9	2.34190
149.0	2.33210
149.1	2.32250
149.2	2.31290
149.3	2.30320
149.4	2.29330
149.5	2.28350
149.6	2.27380
149.7	2.26420
149.8	2.25450
149.9	2.24460
150.0	2.23480
150.1	2.22520
150.2	2.21560
150.3	2.20590
150.4	2.19600
150.5	2.18600
150.6	2.17620
150.7	2.16650
150.8	2.15680
150.9	2.14690
151.0	2.13690
151.1	2.12700
151.2	2.11720
151.3	2.10750
151.4	2.09770
151.5	2.08770
151.6	2.07780
151.7	2.06810
151.8	2.05850
151.9	2.04870
152.0	2.03870
152.1	2.02870
152.2	2.01880
152.3	2.00900
152.4	1.99920
152.5	1.98920
152.6	1.97910
152.7	1.96910
152.8	1.95930
152.9	1.94950
153.0	1.93960
153.1	1.92950
153.2	1.91940
153.3	1.90960
153.4	1.89970
153.5	1.88980
153.6	1.87960
153.7	1.86950
153.8	1.85950
153.9	1.84970
154.0	1.83980
154.1	1.82980
154.2	1.81960
154.3	1.80950
154.4	1.79960
154.5	1.78980
154.6	1.77970
154.7	1.76960
154.8	1.75950
154.9	1.74950
155.0	1.73970
155.1	1.72970
155.2	1.71950
155.3	1.70930
155.4	1.69930
155.5	1.68950
155.6	1.67960
155.7	1.66950
155.8	1.65930
155.9	1.64920
156.0	1.63920
156.1	1.62930
156.2	1.61930
156.3	1.60900
156.4	1.59900
156.5	1.58910
156.6	1.57920
156.7	1.56920
156.8	1.55890
156.9	1.54870
157.0	1.53870
157.1	1.52890
157.2	1.51900
157.3	1.50880
157.4	1.49850
157.5	1.48840
157.6	1.47850
157.7	1.46860
157.8	1.45840
157.9	1.44820
158.0	1.43810
158.1	1.42820
158.2	1.41840
158.3	1.40840
158.4	1.39820
158.5	1.38810
158.6	1.37810
158.7	1.36840
158.8	1.35840
158.9	1.34830
159.0	1.33810
159.1	1.32800
159.2	1.31820
159.3	1.30830
159.4	1.29820
159.5	1.28800
159.6	1.27800
159.7	1.26820
159.8	1.25840
159.9	1.24850
160.0	1.23830
160.1	1.22820
160.2	1.21840
160.3	1.20860
160.4	1.19870
160.5	1.18860
160.6	1.17850
160.7	1.16850
160.8	1.15880
160.9	1.14890
161.0	1.13880
161.1	1.12870
161.2	1.11870
161.3	1.10900
161.4	1.09930
161.5	1.08940
161.6	1.07930
161.7	1.06930
161.8	1.05950
161.9	1.04980
162.0	1.04010
162.1	1.03000
162.2	1.02000
162.3	1.01020
162.4	1.00050
162.5	0.99080
162.6	0.98080
162.7	0.97060
162.8	0.96070
162.9	0.95110
163.0	0.94160
163.1	0.93180
163.2	0.92180
163.3	0.91190
163.4	0.90220
163.5	0.89270
163.6	0.88300
163.7	0.87310
163.8	0.86320
163.9	0.85350
164.0	0.84400
164.1	0.83430
164.2	0.82440
164.3	0.81440
164.4	0.80470
164.5	0.79520
164.6	0.78580
164.7	0.77620
164.8	0.76630
164.9	0.75640
165.0	0.74680
165.1	0.73730
165.2	0.72770
165.3	0.71790
165.4	0.70810
165.5	0.69860
165.6	0.68920
165.7	0.67970
165.8	0.66990
165.9	0.66000
166.0	0.65040
166.1	0.64110
166.2	0.63180
166.3	0.62230
166.4	0.61250
166.5	0.60280
166.6	0.59340
166.7	0.58410
166.8	0.57450
166.9	0.56480
167.0	0.55520
167.1	0.54590
167.2	0.53670
167.3	0.52730
167.4	0.51770
167.5	0.50800
167.6	0.49850
167.7	0.48930
167.8	0.48020
167.9	0.47080
168.0	0.46130
168.1	0.45190
168.2	0.44280
168.3	0.43370
168.4	0.42440
168.5	0.41480
168.6	0.40540
168.7	0.39630
168.8	0.38740
168.9	0.37830
169.0	0.36890
169.1	0.35930
169.2	0.35000
169.3	0.34100
169.4	0.33190
169.5	0.32270
169.6	0.31340
169.7	0.30420
169.8	0.29520
169.9	0.28630
170.0	0.27700
170.1	0.26760
170.2	0.25840
170.3	0.24950
170.4	0.24080
170.5	0.23190
170.6	0.22280
170.7	0.21350
170.8	0.20440
170.9	0.19560
171.0	0.18670
171.1	0.17770
171.2	0.16860
171.3	0.15970
171.4	0.15110
171.5	0.14240
171.6	0.13350
171.7	0.12430
171.8	0.11530
171.9	0.10650
172.0	0.09790
172.1	0.08930
172.2	0.08050
172.3	0.07140
172.4	0.06260
172.5	0.05400
172.6	0.04540
172.7	0.03650
172.8	0.02760
172.9	0.01890
173.0	0.01050
173.1	0.00210
173.2	-0.00660
173.3	-0.01550
173.4	-0.02440
173.5	-0.03280
173.6	-0.04110
173.7	-0.04950
173.8	-0.05820
173.9	-0.06680
174.0	-0.07520
174.1	-0.08350
174.2	-0.09200
174.3	-0.10060
174.4	-0.10910
174.5	-0.11750
174.6	-0.12570
174.7	-0.13380
174.8	-0.14220
174.9	-0.15090
175.0	-0.15940
175.1	-0.16760
175.2	-0.17560
175.3	-0.18380
175.4	-0.19210
175.5	-0.20030
175.6	-0.20840
175.7	-0.21640
175.8	-0.22450
175.9	-0.23280
176.0	-0.24110
176.1	-0.24920
176.2	-0.25690
176.3	-0.26480
176.4	-0.27290
176.5	-0.28120
176.6	-0.28940
176.7	-0.29740
176.8	-0.30520
176.9	-0.31300
177.0	-0.32110
177.1	-0.32920
177.2	-0.33700
177.3	-0.34460
177.4	-0.35240
177.5	-0.36050
177.6	-0.36850
177.7	-0.37630
177.8	-0.38380
177.9	-0.39140
178.0	-0.39900
178.1	-0.40690
178.2	-0.41480
178.3	-0.42240
178.4	-0.42980
178.5	-0.43740
178.6	-0.44530
178.7	-0.45310
178.8	-0.46050
178.9	-0.46780
179.0	-0.47530
179.1	-0.48290
179.2	-0.49060
179.3	-0.49810
179.4	-0.50520
179.5	-0.51240
179.6	-0.51990
179.7	-0.52750
179.8	-0.53490
179.9	-0.54210
180.0	-0.54930
180.1	-0.55660
180.2	-0.56410
180.3	-0.57150
180.4	-0.57870
180.5	-0.58560
180.6	-0.59260
180.7	-0.60000
180.8	-0.60740
180.9	-0.61450
181.0	-0.62150
181.1	-0.62850
181.2	-0.63560
181.3	-0.64280
181.4	-0.64990
181.5	-0.65670
181.6	-0.66350
181.7	-0.67040
181.8	-0.67760
181.9	-0.68470
182.0	-0.69140
182.1	-0.69800
182.2	-0.70480
182.3	-0.71170
182.4	-0.71860
182.5	-0.72540
182.6	-0.73200
182.7	-0.73850
182.8	-0.74530
182.9	-0.75220
183.0	-0.75890
183.1	-0.76530
183.2	-0.77170
183.3	-0.77830
183.4	-0.78500
183.5	-0.79170
183.6	-0.79820
183.7	-0.80450
183.8	-0.81080
183.9	-0.81740
184.0	-0.82400
184.1	-0.83030
184.2	-0.83640
184.3	-0.84260
184.4	-0.84900
184.5	-0.85550
184.6	-0.86180
184.7	-0.86780
184.8	-0.87370
184.9	-0.87980
185.0	-0.88600
185.1	-0.89220
185.2	-0.89820
185.3	-0.90410
185.4	-0.91010
185.5	-0.91640
185.6	-0.92250
185.7	-0.92840
185.8	-0.93420
185.9	-0.93990
186.0	-0.94580
186.1	-0.95190
186.2	-0.95790
186.3	-0.96350
186.4	-0.96910
186.5	-0.97490
186.6	-0.98080
186.7	-0.98660
186.8	-0.99220
186.9	-0.99760
187.0	-1.00320
187.1	-1.00900
187.2	-1.01490
187.3	-1.02050
187.4	-1.02580
187.5	-1.03100
187.6	-1.03660
187.7	-1.04230
187.8	-1.04780
187.9	-1.05300
188.0	-1.05810
188.1	-1.06350
188.2	-1.06900
188.3	-1.07440
188.4	-1.07950
188.5	-1.08450
188.6	-1.08970
188.7	-1.09510
188.8	-1.10050
188.9	-1.10570
189.0	-1.11060
189.1	-1.11550
189.2	-1.12070
189.3	-1.12590
189.4	-1.13100
189.5	-1.13580
189.6	-1.14060
189.7	-1.14560
189.8	-1.15080
189.9	-1.15580
190.0	-1.16040
190.1	-1.16500
190.2	-1.16970
190.3	-1.17470
190.4	-1.17970
190.5	-1.18440
190.6	-1.18890
190.7	-1.19340
190.8	-1.19810
190.9	-1.20290
191.0	-1.20750
191.1	-1.21180
191.2	-1.21620
191.3	-1.22090
191.4	-1.22560
191.5	-1.23010
191.6	-1.23420
191.7	-1.23830
191.8	-1.24250
191.9	-1.24700
192.0	-1.25150
192.1	-1.25580
192.2	-1.25990
192.3	-1.26390
192.4	-1.26820
192.5	-1.27250
192.6	-1.27650
192.7	-1.28030
192.8	-1.28420
192.9	-1.28850
193.0	-1.29270
193.1	-1.29670
193.2	-1.30050
193.3	-1.30400
193.4	-1.30770
193.5	-1.31170
193.6	-1.31570
193.7	-1.31950
193.8	-1.32310
193.9	-1.32680
194.0	-1.33060
194.1	-1.33440
194.2	-1.33790
194.3	-1.34130
194.4	-1.34470
194.5	-1.34840
194.6	-1.35220
194.7	-1.35580
194.8	-1.35910
194.9	-1.36220
195.0	-1.36560
195.1	-1.36920
195.2	-1.37270
195.3	-1.37590
195.4	-1.37910
195.5	-1.38240
195.6	-1.38580
195.7	-1.38920
195.8	-1.39240
195.9	-1.39530
196.0	-1.39820
196.1	-1.40140
196.2	-1.40470
196.3	-1.40780
196.4	-1.41070
196.5	-1.41350
196.6	-1.41640
196.7	-1.41950
196.8	-1.42250
196.9	-1.42520
197.0	-1.42780
197.1	-1.43060
197.2	-1.43350
197.3	-1.43640
197.4	-1.43910
197.5	-1.44150
197.6	-1.44390
197.7	-1.44660
197.8	-1.44940
197.9	-1.45210
198.0	-1.45440
198.1	-1.45670
198.2	-1.45930
198.3	-1.46190
198.4	-1.46440
198.5	-1.46650
198.6	-1.46860
198.7	-1.47090
198.8	-1.47330
198.9	-1.47590
199.0	-1.47810
199.1	-1.48000
199.2	-1.48190
199.3	-1.48410
199.4	-1.48650
199.5	-1.48850
199.6	-1.49040
199.7	-1.49250
199.8	-1.49460
199.9	-1.49670
200.0	-1.49870
200.1	-1.50050
200.2	-1.50210
200.3	-1.50380
200.4	-1.50590
200.5	-1.50800
200.6	-1.50970
200.7	-1.51110
200.8	-1.51290
200.9	-1.51470
201.0	-1.51640
201.1	-1.51800
201.2	-1.51950
201.3	-1.52080
201.4	-1.52230
201.5	-1.52410
201.6	-1.52580
201.7	-1.52700
201.8	-1.52800
201.9	-1.52940
202.0	-1.53090
202.1	-1.53220
202.2	-1.53350
202.3	-1.53460
202.4	-1.53580
202.5	-1.53700
202.6	-1.53830
202.7	-1.53940
202.8	-1.54020
202.9	-1.54100
203.0	-1.54210
203.1	-1.54340
203.2	-1.54440
203.3	-1.54520
203.4	-1.54600
203.5	-1.54680
203.6	-1.54760
203.7	-1.54850
203.8	-1.54930
203.9	-1.54980
204.0	-1.55050
204.1	-1.55140
204.2	-1.55230
204.3	-1.55280
204.4	-1.55300
204.5	-1.55330
204.6	-1.55390
204.7	-1.55450
204.8	-1.55510
204.9	-1.55550
205.0	-1.55570
205.1	-1.55600
205.2	-1.55640
205.3	-1.55680
205.4	-1.55690
205.5	-1.55690
205.6	-1.55710
205.7	-1.55760
205.8	-1.55790
205.9	-1.55800
206.0	-1.55780
206.1	-1.55760
206.2	-1.55760
206.3	-1.55790
206.4	-1.55800
206.5	-1.55780
206.6	-1.55750
206.7	-1.55740
206.8	-1.55740
206.9	-1.55720
207.0	-1.55690
207.1	-1.55650
207.2	-1.55610
207.3	-1.55600
207.4	-1.55590
207.5	-1.55550
207.6	-1.55490
207.7	-1.55420
207.8	-1.55380
207.9	-1.55350
208.0	-1.55290
208.1	-1.55220
208.2	-1.55150
208.3	-1.55090
208.4	-1.55030
208.5	-1.54970
208.6	-1.54880
208.7	-1.54780
208.8	-1.54700
208.9	-1.54640
209.0	-1.54570
209.1	-1.54490
209.2	-1.54380
209.3	-1.54290
209.4	-1.54190
209.5	-1.54100
209.6	-1.54010
209.7	-1.53900
209.8	-1.53780
209.9	-1.53680
210.0	-1.53590
210.1	-1.53490
210.2	-1.53350
210.3	-1.53200
210.4	-1.53080
210.5	-1.52970
210.6	-1.52860
210.7	-1.52730
210.8	-1.52580
210.9	-1.52430
211.0	-1.52290
211.1	-1.52160
211.2	-1.52010
211.3	-1.51830
211.4	-1.51660
211.5	-1.51520
211.6	-1.51380
211.7	-1.51220
211.8	-1.51030
211.9	-1.50840
212.0	-1.50650
212.1	-1.50480
212.2	-1.50320
212.3	-1.50140
212.4	-1.49950
212.5	-1.49760
212.6	-1.49580
212.7	-1.49390
212.8	-1.49170
212.9	-1.48950
213.0	-1.48730
213.1	-1.48540
213.2	-1.48360
213.3	-1.48170
213.4	-1.47950
213.5	-1.47700
213.6	-1.47460
213.7	-1.47250
213.8	-1.47030
213.9	-1.46800
214.0	-1.46570
214.1	-1.46340
214.2	-1.46110
214.3	-1.45880
214.4	-1.45630
214.5	-1.45360
214.6	-1.45100
214.7	-1.44860
214.8	-1.44640
214.9	-1.44390
215.0	-1.44120
215.1	-1.43840
215.2	-1.43580
215.3	-1.43320
215.4	-1.43060
215.5	-1.42790
215.6	-1.42510
215.7	-1.42230
215.8	-1.41970
215.9	-1.41710
216.0	-1.41420
216.1	-1.41090
216.2	-1.40780
216.3	-1.40490
216.4	-1.40210
216.5	-1.39920
216.6	-1.39620
216.7	-1.39300
216.8	-1.38980
216.9	-1.38680
217.0	-1.38370
217.1	-1.38030
217.2	-1.37680
217.3	-1.37360
217.4	-1.37060
217.5	-1.36740
217.6	-1.36400
217.7	-1.36050
217.8	-1.35700
217.9	-1.35350
218.0	-1.35020
218.1	-1.34680
218.2	-1.34320
218.3	-1.33950
218.4	-1.33600
218.5	-1.33250
218.6	-1.32880
218.7	-1.32490
218.8	-1.32120
218.9	-1.31750
219.0	-1.31400
219.1	-1.31050
219.2	-1.30680
219.3	-1.30280
219.4	-1.29870
219.5	-1.29480
219.6	-1.29120
219.7	-1.28730
219.8	-1.28330
219.9	-1.27930
220.0	-1.27540
220.1	-1.27150
220.2	-1.26750
220.3	-1.26330
220.4	-1.25900
220.5	-1.25480
220.6	-1.25090
220.7	-1.24700
220.8	-1.24280
220.9	-1.23830
221.0	-1.23400
221.1	-1.22970
221.2	-1.22540
221.3	-1.22110
221.4	-1.21680
221.5	-1.21230
221.6	-1.20790
221.7	-1.20370
221.8	-1.19930
221.9	-1.19470
222.0	-1.18990
222.1	-1.18540
222.2	-1.18110
222.3	-1.17670
222.4	-1.17220
222.5	-1.16750
222.6	-1.16280
222.7	-1.15810
222.8	-1.15360
222.9	-1.14900
223.0	-1.14400
223.1	-1.13910
223.2	-1.13450
223.3	-1.12990
223.4	-1.12510
223.5	-1.12010
223.6	-1.11510
223.7	-1.11010
223.8	-1.10530
223.9	-1.10050
224.0	-1.09560
224.1	-1.09040
224.2	-1.08530
224.3	-1.08040
224.4	-1.07540
224.5	-1.07020
224.6	-1.06490
224.7	-1.05970
224.8	-1.05460
224.9	-1.04960
225.0	-1.04450
225.1	-1.03920
225.2	-1.03370
225.3	-1.02830
225.4	-1.02320
225.5	-1.01800
225.6	-1.01250
225.7	-1.00700
225.8	-1.00150
225.9	-0.99610
226.0	-0.99070
226.1	-0.98520
226.2	-0.97950
226.3	-0.97380
226.4	-0.96830
226.5	-0.96300
226.6	-0.95750
226.7	-0.95160
226.8	-0.94570
226.9	-0.94010
227.0	-0.93460
227.1	-0.92900
227.2	-0.92330
227.3	-0.91750
227.4	-0.91180
227.5	-0.90610
227.6	-0.90040
227.7	-0.89460
227.8	-0.88840
227.9	-0.88250
228.0	-0.87680
228.1	-0.87120
228.2	-0.86540
228.3	-0.85930
228.4	-0.85330
228.5	-0.84720
228.6	-0.84120
228.7	-0.83530
228.8	-0.82920
228.9	-0.82300
229.0	-0.81700
229.1	-0.81100
229.2	-0.80500
229.3	-0.79870
229.4	-0.79230
229.5	-0.78610
229.6	-0.77990
229.7	-0.77390
229.8	-0.76780
229.9	-0.76150
230.0	-0.75510
230.1	-0.74870
230.2	-0.74260
230.3	-0.73630
230.4	-0.72970
230.5	-0.72320
230.6	-0.71680
230.7	-0.71050
230.8	-0.70420
230.9	-0.69760
231.0	-0.69090
231.1	-0.68420
231.2	-0.67770
231.3	-0.67130
231.4	-0.66480
231.5	-0.65810
231.6	-0.65140
231.7	-0.64480
231.8	-0.63820
231.9	-0.63150
232.0	-0.62470
232.1	-0.61790
232.2	-0.61130
232.3	-0.60470
232.4	-0.59820
232.5	-0.59140
232.6	-0.58440
232.7	-0.57740
232.8	-0.57060
232.9	-0.56390
233.0	-0.55700
233.1	-0.55010
233.2	-0.54320
233.3	-0.53630
233.4	-0.52950
233.5	-0.52260
233.6	-0.51550
233.7	-0.50830
233.8	-0.50130
233.9	-0.49450
234.0	-0.48760
234.1	-0.48040
234.2	-0.47320
234.3	-0.46610
234.4	-0.45900
234.5	-0.45200
234.6	-0.44490
234.7	-0.43770
234.8	-0.43040
234.9	-0.42320
235.0	-0.41620
235.1	-0.40890
235.2	-0.40140
235.3	-0.39400
235.4	-0.38680
235.5	-0.37960
235.6	-0.37240
235.7	-0.36510
235.8	-0.35760
235.9	-0.35020
236.0	-0.34290
236.1	-0.33560
236.2	-0.32820
236.3	-0.32060
236.4	-0.31320
236.5	-0.30590
236.6	-0.29850
236.7	-0.29100
236.8	-0.28340
236.9	-0.27580
237.0	-0.26820
237.1	-0.26080
237.2	-0.25340
237.3	-0.24580
237.4	-0.23820
237.5	-0.23060
237.6	-0.22310
237.7	-0.21550
237.8	-0.20780
237.9	-0.20010
238.0	-0.19240
238.1	-0.18480
238.2	-0.17730
238.3	-0.16970
238.4	-0.16180
238.5	-0.15390
238.6	-0.14610
238.7	-0.13840
238.8	-0.13070
238.9	-0.12280
239.0	-0.11500
239.1	-0.10710
239.2	-0.09930
239.3	-0.09150
239.4	-0.08350
239.5	-0.07550
239.6	-0.06750
239.7	-0.05960
239.8	-0.05180
239.9	-0.04390
240.0	-0.03590
240.1	-0.02790
240.2	-0.01990
240.3	-0.01200
240.4	-0.00410
240.5	0.00400
240.6	0.01210
240.7	0.02000
240.8	0.02790
240.9	0.03590
241.0	0.04390
241.1	0.05210
241.2	0.06020
241.3	0.06820
241.4	0.07620
241.5	0.08430
241.6	0.09250
241.7	0.10070
241.8	0.10880
241.9	0.11680
242.0	0.12500
242.1	0.13320
242.2	0.14140
242.3	0.14950
242.4	0.15760
242.5	0.16580
242.6	0.17400
242.7	0.18240
242.8	0.19080
242.9	0.19910
243.0	0.20730
243.1	0.21550
243.2	0.22390
243.3	0.23230
243.4	0.24060
243.5	0.24880
243.6	0.25710
243.7	0.26550
243.8	0.27390
243.9	0.28210
244.0	0.29020
244.1	0.29850
244.2	0.30690
244.3	0.31540
244.4	0.32380
244.5	0.33210
244.6	0.34040
244.7	0.34880
244.8	0.35730
244.9	0.36570
245.0	0.37410
245.1	0.38250
245.2	0.39100
245.3	0.39950
245.4	0.40800
245.5	0.41640
245.6	0.42470
245.7	0.43310
245.8	0.44160
245.9	0.45030
246.0	0.45890
246.1	0.46740
246.2	0.47590
246.3	0.48440
246.4	0.49310
246.5	0.50160
246.6	0.51010
246.7	0.51860
246.8	0.52720
246.9	0.53590
247.0	0.54450
247.1	0.55300
247.2	0.56150
247.3	0.56990
247.4	0.57850
247.5	0.58710
247.6	0.59560
247.7	0.60410
247.8	0.61270
247.9	0.62140
248.0	0.63000
248.1	0.63860
248.2	0.64710
248.3	0.65560
248.4	0.66430
248.5	0.67300
248.6	0.68180
248.7	0.69040
248.8	0.69890
248.9	0.70760
249.0	0.71620
249.1	0.72490
249.2	0.73350
249.3	0.74220
249.4	0.75080
249.5	0.75950
249.6	0.76820
249.7	0.77690
249.8	0.78550
249.9	0.79410
250.0	0.80290
250.1	0.81160
250.2	0.82040
250.3	0.82900
250.4	0.83770
250.5	0.84640
250.6	0.85510
250.7	0.86380
250.8	0.87250
250.9	0.88110
251.0	0.88970
251.1	0.89850
251.2	0.90720
251.3	0.91590
251.4	0.92460
251.5	0.93320
251.6	0.94190
251.7	0.95060
251.8	0.95940
251.9	0.96820
252.0	0.97680
252.1	0.98550
252.2	0.99440
252.3	1.00320
252.4	1.01190
252.5	1.02060
252.6	1.02940
252.7	1.03820
252.8	1.04700
252.9	1.05570
253.0	1.06440
253.1	1.07310
253.2	1.08190
253.3	1.09070
253.4	1.09950
253.5	1.10830
253.6	1.11690
253.7	1.12570
253.8	1.13450
253.9	1.14320
254.0	1.15200
254.1	1.16070
254.2	1.16940
254.3	1.17820
254.4	1.18700
254.5	1.19570
254.6	1.20430
254.7	1.21300
254.8	1.22170
254.9	1.23060
255.0	1.23930
255.1	1.24800
255.2	1.25670
255.3	1.26540
255.4	1.27410
255.5	1.28290
255.6	1.29150
255.7	1.30020
255.8	1.30880
255.9	1.31760
256.0	1.32630
256.1	1.33500
256.2	1.34360
256.3	1.35220
256.4	1.36090
256.5	1.36960
256.6	1.37830
256.7	1.38690
256.8	1.39560
256.9	1.40430
257.0	1.41300
257.1	1.42160
257.2	1.43030
257.3	1.43890
257.4	1.44750
257.5	1.45620
257.6	1.46490
257.7	1.47360
257.8	1.48230
257.9	1.49080
258.0	1.49940
258.1	1.50810
258.2	1.51670
258.3	1.52520
258.4	1.53370
258.5	1.54230
258.6	1.55100
258.7	1.55960
258.8	1.56810
258.9	1.57660
259.0	1.58510
259.1	1.59360
259.2	1.60220
259.3	1.61070
259.4	1.61920
259.5	1.62770
259.6	1.63620
259.7	1.64480
259.8	1.65330
259.9	1.66170
260.0	1.67010
260.1	1.67850
260.2	1.68700
260.3	1.69550
260.4	1.70390
260.5	1.71230
260.6	1.72070
260.7	1.72920
260.8	1.73760
260.9	1.74600
261.0	1.75440
261.1	1.76270
261.2	1.77120
261.3	1.77960
261.4	1.78820
261.5	1.79660
261.6	1.80490
261.7	1.81330
261.8	1.82170
261.9	1.83000
262.0	1.83830
262.1	1.84650
262.2	1.85480
262.3	1.86320
262.4	1.87160
262.5	1.87990
262.6	1.88810
262.7	1.89630
262.8	1.90450
262.9	1.91280
263.0	1.92100
263.1	1.92920
263.2	1.93730
263.3	1.94550
263.4	1.95380
263.5	1.96200
263.6	1.97010
263.7	1.97820
263.8	1.98630
263.9	1.99450
264.0	2.00270
264.1	2.01080
264.2	2.01880
264.3	2.02690
264.4	2.03510
264.5	2.04330
264.6	2.05140
264.7	2.05940
264.8	2.06730
264.9	2.07540
265.0	2.08360
265.1	2.09170
265.2	2.09960
265.3	2.10750
265.4	2.11550
265.5	2.12360
265.6	2.13160
265.7	2.13950
265.8	2.14730
265.9	2.15510
266.0	2.16310
266.1	2.17100
266.2	2.17890
266.3	2.18670
266.4	2.19450
266.5	2.20230
266.6	2.21030
266.7	2.21810
266.8	2.22580
266.9	2.23350
267.0	2.24120
267.1	2.24910
267.2	2.25690
267.3	2.26470
267.4	2.27230
267.5	2.28000
267.6	2.28780
267.7	2.29560
267.8	2.30330
267.9	2.31080
268.0	2.31840
268.1	2.32600
268.2	2.33380
268.3	2.34140
268.4	2.34890
268.5	2.35640
268.6	2.36400
268.7	2.37170
268.8	2.37930
268.9	2.38670
269.0	2.39410
269.1	2.40160
269.2	2.40910
269.3	2.41670
269.4	2.42420
269.5	2.43160
269.6	2.43890
269.7	2.44640
269.8	2.45390
269.9	2.46120
270.0	2.46850
270.1	2.47570
270.2	2.48300
270.3	2.49040
270.4	2.49770
270.5	2.50500
270.6	2.51210
270.7	2.51930
270.8	2.52660
270.9	2.53390
271.0	2.54110
271.1	2.54820
271.2	2.55530
271.3	2.56240
271.4	2.56960
271.5	2.57660
271.6	2.58360
271.7	2.59050
271.8	2.59760
271.9	2.60470
272.0	2.61170
272.1	2.61870
272.2	2.62560
272.3	2.63260
272.4	2.63950
272.5	2.64650
272.6	2.65340
272.7	2.66010
272.8	2.66690
272.9	2.67370
273.0	2.68060
273.1	2.68740
273.2	2.69410
273.3	2.70080
273.4	2.70750
273.5	2.71430
273.6	2.72110
273.7	2.72770
273.8	2.73420
273.9	2.74080
274.0	2.74760
274.1	2.75430
274.2	2.76090
274.3	2.76740
274.4	2.77390
274.5	2.78040
274.6	2.78710
274.7	2.79370
274.8	2.80020
274.9	2.80660
275.0	2.81310
275.1	2.81950
275.2	2.82590
275.3	2.83220
275.4	2.83840
275.5	2.84470
275.6	2.85100
275.7	2.85730
275.8	2.86360
275.9	2.86970
276.0	2.87590
276.1	2.88210
276.2	2.88830
276.3	2.89450
276.4	2.90050
276.5	2.90640
276.6	2.91250
276.7	2.91870
276.8	2.92490
276.9	2.93100
277.0	2.93700
277.1	2.94290
277.2	2.94900
277.3	2.95490
277.4	2.96080
277.5	2.96660
277.6	2.97250
277.7	2.97840
277.8	2.98420
277.9	2.99000
278.0	2.99570
278.1	3.00140
278.2	3.00710
278.3	3.01290
278.4	3.01860
278.5	3.02430
278.6	3.02990
278.7	3.03550
278.8	3.04110
278.9	3.04670
279.0	3.05220
279.1	3.05770
279.2	3.06320
279.3	3.06870
279.4	3.07420
279.5	3.07960
279.6	3.08490
279.7	3.09010
279.8	3.09550
279.9	3.10100
280.0	3.10640
280.1	3.11170
280.2	3.11700
280.3	3.12230
280.4	3.12760
280.5	3.13280
280.6	3.13790
280.7	3.14300
280.8	3.14810
280.9	3.15330
281.0	3.15840
281.1	3.16350
281.2	3.16840
281.3	3.17330
281.4	3.17830
281.5	3.18330
281.6	3.18820
281.7	3.19300
281.8	3.19780
281.9	3.20260
282.0	3.20750
282.1	3.21240
282.2	3.21710
282.3	3.22170
282.4	3.22640
282.5	3.23120
282.6	3.23600
282.7	3.24070
282.8	3.24520
282.9	3.24980
283.0	3.25440
283.1	3.25890
283.2	3.26340
283.3	3.26780
283.4	3.27210
283.5	3.27650
283.6	3.28100
283.7	3.28530
283.8	3.28950
283.9	3.29370
284.0	3.29790
284.1	3.30220
284.2	3.30660
284.3	3.31080
284.4	3.31490
284.5	3.31900
284.6	3.32330
284.7	3.32750
284.8	3.33160
284.9	3.33560
285.0	3.33970
285.1	3.34380
285.2	3.34790
285.3	3.35190
285.4	3.35580
285.5	3.35970
285.6	3.36350
285.7	3.36750
285.8	3.37140
285.9	3.37520
286.0	3.37890
286.1	3.38260
286.2	3.38630
286.3	3.39010
286.4	3.39370
286.5	3.39730
286.6	3.40080
286.7	3.40450
286.8	3.40810
286.9	3.41170
287.0	3.41520
287.1	3.41860
287.2	3.42200
287.3	3.42550
287.4	3.42900
287.5	3.43240
287.6	3.43570
287.7	3.43900
287.8	3.44240
287.9	3.44580
288.0	3.44910
288.1	3.45230
288.2	3.45550
288.3	3.45860
288.4	3.46180
288.5	3.46490
288.6	3.46790
288.7	3.47080
288.8	3.47380
288.9	3.47680
289.0	3.47980
289.1	3.48260
289.2	3.48540
289.3	3.48830
289.4	3.49130
289.5	3.49420
289.6	3.49700
289.7	3.49980
289.8	3.50250
289.9	3.50530
290.0	3.50820
290.1	3.51090
290.2	3.51350
290.3	3.51610
290.4	3.51880
290.5	3.52140
290.6	3.52390
290.7	3.52640
290.8	3.52880
290.9	3.53130
291.0	3.53370
291.1	3.53610
291.2	3.53850
291.3	3.54070
291.4	3.54290
291.5	3.54530
291.6	3.54760
291.7	3.54980
291.8	3.55190
291.9	3.55400
292.0	3.55610
292.1	3.55830
292.2	3.56050
292.3	3.56250
292.4	3.56450
292.5	3.56650
292.6	3.56860
292.7	3.57060
292.8	3.57250
292.9	3.57430
293.0	3.57610
293.1	3.57800
293.2	3.57980
293.3	3.58160
293.4	3.58320
293.5	3.58490
293.6	3.58650
293.7	3.58820
293.8	3.58980
293.9	3.59130
294.0	3.59280
294.1	3.59430
294.2	3.59580
294.3	3.59730
294.4	3.59870
294.5	3.60010
294.6	3.60140
294.7	3.60270
294.8	3.60410
294.9	3.60540
295.0	3.60660
295.1	3.60770
295.2	3.60890
295.3	3.61010
295.4	3.61120
295.5	3.61220
295.6	3.61320
295.7	3.61420
295.8	3.61530
295.9	3.61630
296.0	3.61730
296.1	3.61810
296.2	3.61890
296.3	3.61980
296.4	3.62070
296.5	3.62150
296.6	3.62210
296.7	3.62290
296.8	3.62360
296.9	3.62440
297.0	3.62510
297.1	3.62560
297.2	3.62610
297.3	3.62670
297.4	3.62730
297.5	3.62790
297.6	3.62840
297.7	3.62880
297.8	3.62920
297.9	3.62960
298.0	3.63000
298.1	3.63030
298.2	3.63060
298.3	3.63080
298.4	3.63110
298.5	3.63150
298.6	3.63170
298.7	3.63190
298.8	3.63200
298.9	3.63220
299.0	3.63240
299.1	3.63250
299.2	3.63260
299.3	3.63260
299.4	3.63260
299.5	3.63270
299.6	3.63270
299.7	3.63270
299.8	3.63240
299.9	3.63220
300.0	3.63210
300.1	3.63200
300.2	3.63180
300.3	3.63150
300.4	3.63110
300.5	3.63070
300.6	3.63030
300.7	3.63000
300.8	3.62950
300.9	3.62890
301.0	3.62840
301.1	3.62800
301.2	3.62750
301.3	3.62690
301.4	3.62620
301.5	3.62550
301.6	3.62490
301.7	3.62430
301.8	3.62360
301.9	3.62280
302.0	3.62210
302.1	3.62130
302.2	3.62060
302.3	3.61980
302.4	3.61890
302.5	3.61790
302.6	3.61690
302.7	3.61600
302.8	3.61500
302.9	3.61390
303.0	3.61270
303.1	3.61150
303.2	3.61030
303.3	3.60920
303.4	3.60800
303.5	3.60660
303.6	3.60530
303.7	3.60400
303.8	3.60270
303.9	3.60140
304.0	3.60010
304.1	3.59870
304.2	3.59740
304.3	3.59610
304.4	3.59470
304.5	3.59320
304.6	3.59160
304.7	3.59000
304.8	3.58850
304.9	3.58690
305.0	3.58530
305.1	3.58360
305.2	3.58180
305.3	3.58010
305.4	3.57840
305.5	3.57660
305.6	3.57480
305.7	3.57280
305.8	3.57090
305.9	3.56910
306.0	3.56720
306.1	3.56530
306.2	3.56320
306.3	3.56110
306.4	3.55910
306.5	3.55710
306.6	3.55510
306.7	3.55290
306.8	3.55080
306.9	3.54860
307.0	3.54660
307.1	3.54440
307.2	3.54210
307.3	3.53970
307.4	3.53740
307.5	3.53510
307.6	3.53290
307.7	3.53050
307.8	3.52800
307.9	3.52550
308.0	3.52310
308.1	3.52060
308.2	3.51810
308.3	3.51540
308.4	3.51270
308.5	3.51000
308.6	3.50740
308.7	3.50480
308.8	3.50200
308.9	3.49920
309.0	3.49640
309.1	3.49370
309.2	3.49100
309.3	3.48820
309.4	3.48530
309.5	3.48240
309.6	3.47960
309.7	3.47680
309.8	3.47390
309.9	3.47090
310.0	3.46780
310.1	3.46480
310.2	3.46190
310.3	3.45890
310.4	3.45570
310.5	3.45250
310.6	3.44930
310.7	3.44620
310.8	3.44310
310.9	3.43980
311.0	3.43650
311.1	3.43320
311.2	3.43000
311.3	3.42680
311.4	3.42360
311.5	3.42010
311.6	3.41670
311.7	3.41340
311.8	3.41000
311.9	3.40660
312.0	3.40310
312.1	3.39960
312.2	3.39620
312.3	3.39280
312.4	3.38930
312.5	3.38570
312.6	3.38190
312.7	3.37820
312.8	3.37460
312.9	3.37090
313.0	3.36720
313.1	3.36330
313.2	3.35950
313.3	3.35580
313.4	3.35210
313.5	3.34830
313.6	3.34430
313.7	3.34040
313.8	3.33640
313.9	3.33260
314.0	3.32860
314.1	3.32450
314.2	3.32040
314.3	3.31630
314.4	3.31230
314.5	3.30820
314.6	3.30410
314.7	3.29990
314.8	3.29570
314.9	3.29160
315.0	3.28750
315.1	3.28320
315.2	3.27890
315.3	3.27460
315.4	3.27030
315.5	3.26600
315.6	3.26170
315.7	3.25720
315.8	3.25270
315.9	3.24820
316.0	3.24370
316.1	3.23930
316.2	3.23470
316.3	3.23010
316.4	3.22550
316.5	3.22100
316.6	3.21650
316.7	3.21190
316.8	3.20720
316.9	3.20240
317.0	3.19770
317.1	3.19310
317.2	3.18850
317.3	3.18370
317.4	3.17880
317.5	3.17400
317.6	3.16930
317.7	3.16460
317.8	3.15980
317.9	3.15480
318.0	3.14990
318.1	3.14500
318.2	3.14010
318.3	3.13520
318.4	3.13020
318.5	3.12510
318.6	3.12000
318.7	3.11500
318.8	3.11000
318.9	3.10480
319.0	3.09970
319.1	3.09460
319.2	3.08960
319.3	3.08460
319.4	3.07940
319.5	3.07410
319.6	3.06880
319.7	3.06360
319.8	3.05840
319.9	3.05300
320.0	3.04760
320.1	3.04220
320.2	3.03680
320.3	3.03150
320.4	3.02620
320.5	3.02070
