0.0	-3.62200
0.1	-3.61590
0.2	-3.60970
0.3	-3.60320
0.4	-3.59610
0.5	-3.58890
0.6	-3.58200
0.7	-3.57530
0.8	-3.56840
0.9	-3.56100
1.0	-3.55300
1.1	-3.54520
1.2	-3.53760
1.3	-3.52990
1.4	-3.52170
1.5	-3.51330
1.6	-3.50500
1.7	-3.49690
1.8	-3.48880
1.9	-3.48030
2.0	-3.47130
2.1	-3.46210
2.2	-3.45320
2.3	-3.44440
2.4	-3.43560
2.5	-3.42640
2.6	-3.41670
2.7	-3.40730
2.8	-3.39810
2.9	-3.38880
3.0	-3.37900
3.1	-3.36890
3.2	-3.35900
3.3	-3.34940
3.4	-3.33980
3.5	-3.32980
3.6	-3.31950
3.7	-3.30890
3.8	-3.29860
3.9	-3.28860
4.0	-3.27840
4.1	-3.26780
4.2	-3.25690
4.3	-3.24630
4.4	-3.23600
4.5	-3.22540
4.6	-3.21440
4.7	-3.20320
4.8	-3.19210
4.9	-3.18130
5.0	-3.17050
5.1	-3.15950
5.2	-3.14810
5.3	-3.13650
5.4	-3.12530
5.5	-3.11430
5.6	-3.10290
5.7	-3.09110
5.8	-3.07920
5.9	-3.06760
6.0	-3.05630
6.1	-3.04480
6.2	-3.03290
6.3	-3.02070
6.4	-3.00860
6.5	-2.99680
6.6	-2.98520
6.7	-2.97320
6.8	-2.96080
6.9	-2.94840
7.0	-2.93640
7.1	-2.92450
7.2	-2.91220
7.3	-2.89940
7.4	-2.88670
7.5	-2.87420
7.6	-2.86200
7.7	-2.84980
7.8	-2.83700
7.9	-2.82390
8.0	-2.81100
8.1	-2.79850
8.2	-2.78600
8.3	-2.77310
8.4	-2.75990
8.5	-2.74690
8.6	-2.73410
8.7	-2.72150
8.8	-2.70850
8.9	-2.69510
9.0	-2.68160
9.1	-2.66850
9.2	-2.65570
9.3	-2.64280
9.4	-2.62930
9.5	-2.61560
9.6	-2.60210
9.7	-2.58900
9.8	-2.57590
9.9	-2.56240
10.0	-2.54870
10.1	-2.53500
10.2	-2.52160
10.3	-2.50840
10.4	-2.49490
10.5	-2.48090
10.6	-2.46680
10.7	-2.45310
10.8	-2.43980
10.9	-2.42620
11.0	-2.41220
11.1	-2.39810
11.2	-2.38410
11.3	-2.37050
11.4	-2.35690
11.5	-2.34280
11.6	-2.32840
11.7	-2.31420
11.8	-2.30040
11.9	-2.28670
12.0	-2.27260
12.1	-2.25810
12.2	-2.24360
12.3	-2.22950
12.4	-2.21570
12.5	-2.20160
12.6	-2.18710
12.7	-2.17240
12.8	-2.15800
12.9	-2.14400
13.0	-2.12990
13.1	-2.11540
13.2	-2.10060
13.3	-2.08600
13.4	-2.07180
13.5	-2.05760
13.6	-2.04300
13.7	-2.02810
13.8	-2.01320
13.9	-1.99870
14.0	-1.98450
14.1	-1.97000
14.2	-1.95510
14.3	-1.94000
14.4	-1.92540
14.5	-1.91100
14.6	-1.89650
14.7	-1.88150
14.8	-1.86630
14.9	-1.85130
15.0	-1.83660
15.1	-1.82210
15.2	-1.80720
15.3	-1.79190
15.4	-1.77670
15.5	-1.76190
15.6	-1.74730
15.7	-1.73230
15.8	-1.71690
15.9	-1.70160
16.0	-1.68650
16.1	-1.67180
16.2	-1.65680
16.3	-1.64140
16.4	-1.62580
16.5	-1.61050
16.6	-1.59560
16.7	-1.58070
16.8	-1.56540
16.9	-1.54970
17.0	-1.53420
17.1	-1.51910
17.2	-1.50410
17.3	-1.48880
17.4	-1.47310
17.5	-1.45740
17.6	-1.44210
17.7	-1.42700
17.8	-1.41180
17.9	-1.39620
18.0	-1.38040
18.1	-1.36480
18.2	-1.34960
18.3	-1.33440
18.4	-1.31880
18.5	-1.30290
18.6	-1.28710
18.7	-1.27170
18.8	-1.25640
18.9	-1.24090
19.0	-1.22490
19.1	-1.20900
19.2	-1.19340
19.3	-1.17810
19.4	-1.16260
19.5	-1.14670
19.6	-1.13060
19.7	-1.11480
19.8	-1.09940
19.9	-1.08390
20.0	-1.06800
20.1	-1.05190
20.2	-1.03590
20.3	-1.02020
20.4	-1.00470
20.5	-0.98890
20.6	-0.97280
20.7	-0.95660
20.8	-0.94080
20.9	-0.92520
21.0	-0.90950
21.1	-0.89330
21.2	-0.87710
21.3	-0.86120
21.4	-0.84560
21.5	-0.82990
21.6	-0.81390
21.7	-0.79760
21.8	-0.78150
21.9	-0.76570
22.0	-0.75010
22.1	-0.73420
22.2	-0.71780
22.3	-0.70150
22.4	-0.68560
22.5	-0.66980
22.6	-0.65390
22.7	-0.63760
22.8	-0.62120
22.9	-0.60520
23.0	-0.58940
23.1	-0.57350
23.2	-0.55730
23.3	-0.54090
23.4	-0.52460
23.5	-0.50870
23.6	-0.49280
23.7	-0.47670
23.8	-0.46030
23.9	-0.44390
24.0	-0.42790
24.1	-0.41200
24.2	-0.39590
24.3	-0.37950
24.4	-0.36300
24.5	-0.34680
24.6	-0.33090
24.7	-0.31490
24.8	-0.29860
24.9	-0.28200
25.0	-0.26570
25.1	-0.24960
25.2	-0.23360
25.3	-0.21730
25.4	-0.20080
25.5	-0.18440
25.6	-0.16820
25.7	-0.15230
25.8	-0.13610
25.9	-0.11950
26.0	-0.10300
26.1	-0.08670
26.2	-0.07070
26.3	-0.05470
26.4	-0.03830
26.5	-0.02170
26.6	-0.00540
26.7	0.01060
26.8	0.02660
26.9	0.04300
27.0	0.05960
27.1	0.07610
27.2	0.09220
27.3	0.10820
27.4	0.12440
27.5	0.14090
27.6	0.15740
27.7	0.17370
27.8	0.18970
27.9	0.20580
28.0	0.22220
28.1	0.23870
28.2	0.25510
28.3	0.27110
28.4	0.28710
28.5	0.30350
28.6	0.32010
28.7	0.33660
28.8	0.35260
28.9	0.36860
29.0	0.38480
29.1	0.40130
29.2	0.41780
29.3	0.43400
29.4	0.45000
29.5	0.46610
29.6	0.48250
29.7	0.49910
29.8	0.51540
29.9	0.53130
30.0	0.54730
30.1	0.56370
30.2	0.58030
30.3	0.59670
30.4	0.61280
30.5	0.62870
30.6	0.64490
30.7	0.66130
30.8	0.67780
30.9	0.69390
31.0	0.70980
31.1	0.72580
31.2	0.74230
31.3	0.75880
31.4	0.77500
31.5	0.79080
31.6	0.80680
31.7	0.82300
31.8	0.83940
31.9	0.85570
32.0	0.87170
32.1	0.88750
32.2	0.90350
32.3	0.91990
32.4	0.93620
32.5	0.95210
32.6	0.96780
32.7	0.98380
32.8	1.00000
32.9	1.01630
33.0	1.03240
33.1	1.04810
33.2	1.06380
33.3	1.07990
33.4	1.09620
33.5	1.11230
33.6	1.12800
33.7	1.14370
33.8	1.15960
33.9	1.17590
34.0	1.19200
34.1	1.20790
34.2	1.22350
34.3	1.23930
34.4	1.25540
34.5	1.27150
34.6	1.28740
34.7	1.30290
34.8	1.31850
34.9	1.33450
35.0	1.35050
35.1	1.36640
35.2	1.38200
35.3	1.39750
35.4	1.41320
35.5	1.42920
35.6	1.44510
35.7	1.46070
35.8	1.47600
35.9	1.49160
36.0	1.50740
36.1	1.52340
36.2	1.53900
36.3	1.55430
36.4	1.56970
36.5	1.58540
36.6	1.60130
36.7	1.61690
36.8	1.63220
36.9	1.64750
37.0	1.66310
37.1	1.67880
37.2	1.69450
37.3	1.70980
37.4	1.72490
37.5	1.74020
37.6	1.75590
37.7	1.77150
37.8	1.78690
37.9	1.80200
38.0	1.81720
38.1	1.83270
38.2	1.84830
38.3	1.86360
38.4	1.87860
38.5	1.89360
38.6	1.90890
38.7	1.92440
38.8	1.93980
38.9	1.95480
39.0	1.96960
39.1	1.98470
39.2	2.00010
39.3	2.01540
39.4	2.03050
39.5	2.04530
39.6	2.06020
39.7	2.07540
39.8	2.09070
39.9	2.10570
40.0	2.12040
40.1	2.13510
40.2	2.15010
40.3	2.16530
40.4	2.18030
40.5	2.19500
40.6	2.20960
40.7	2.22430
40.8	2.23930
40.9	2.25430
41.0	2.26900
41.1	2.28340
41.2	2.29790
41.3	2.31270
41.4	2.32760
41.5	2.34230
41.6	2.35660
41.7	2.37100
41.8	2.38560
41.9	2.40040
42.0	2.41500
42.1	2.42930
42.2	2.44340
42.3	2.45780
42.4	2.47250
42.5	2.48710
42.6	2.50130
42.7	2.51540
42.8	2.52950
42.9	2.54400
43.0	2.55840
43.1	2.57260
43.2	2.58650
43.3	2.60040
43.4	2.61460
43.5	2.62890
43.6	2.64300
43.7	2.65670
43.8	2.67040
43.9	2.68430
44.0	2.69850
44.1	2.71260
44.2	2.72630
44.3	2.73990
44.4	2.75360
44.5	2.76750
44.6	2.78160
44.7	2.79530
44.8	2.80870
44.9	2.82220
45.0	2.83600
45.1	2.84980
45.2	2.86340
45.3	2.87670
45.4	2.88990
45.5	2.90340
45.6	2.91710
45.7	2.93060
45.8	2.94390
45.9	2.95700
46.0	2.97020
46.1	2.98360
46.2	2.99700
46.3	3.01020
46.4	3.02300
46.5	3.03600
46.6	3.04930
46.7	3.06250
46.8	3.07560
46.9	3.08840
47.0	3.10110
47.1	3.11410
47.2	3.12720
47.3	3.14020
47.4	3.15290
47.5	3.16540
47.6	3.17810
47.7	3.19100
47.8	3.20390
47.9	3.21660
48.0	3.22900
48.1	3.24140
48.2	3.25410
48.3	3.26680
48.4	3.27920
48.5	3.29140
48.6	3.30360
48.7	3.31600
48.8	3.32850
48.9	3.34080
49.0	3.35290
49.1	3.36480
49.2	3.37700
49.3	3.38930
49.4	3.40160
49.5	3.41360
49.6	3.42540
49.7	3.43730
49.8	3.44950
49.9	3.46160
50.0	3.47360
50.1	3.48530
50.2	3.49700
50.3	3.50880
50.4	3.52080
50.5	3.53260
50.6	3.54420
50.7	3.55560
50.8	3.56720
50.9	3.57890
51.0	3.59060
51.1	3.60190
51.2	3.61310
51.3	3.62440
51.4	3.63580
51.5	3.64730
51.6	3.65860
51.7	3.66970
51.8	3.68070
51.9	3.69180
52.0	3.70310
52.1	3.71420
52.2	3.72500
52.3	3.73570
52.4	3.74660
52.5	3.75770
52.6	3.76860
52.7	3.77920
52.8	3.78970
52.9	3.80030
53.0	3.81110
53.1	3.82190
53.2	3.83240
53.3	3.84280
53.4	3.85310
53.5	3.86370
53.6	3.87430
53.7	3.88470
53.8	3.89490
53.9	3.90510
54.0	3.91540
54.1	3.92570
54.2	3.93600
54.3	3.94590
54.4	3.95570
54.5	3.96560
54.6	3.97560
54.7	3.98560
54.8	3.99530
54.9	4.00490
55.0	4.01440
55.1	4.02420
55.2	4.03390
55.3	4.04340
55.4	4.05270
55.5	4.06200
55.6	4.07150
55.7	4.08110
55.8	4.09050
55.9	4.09960
56.0	4.10870
56.1	4.11790
56.2	4.12720
56.3	4.13650
56.4	4.14550
56.5	4.15430
56.6	4.16320
56.7	4.17220
56.8	4.18120
56.9	4.19010
57.0	4.19870
57.1	4.20730
57.2	4.21600
57.3	4.22480
57.4	4.23350
57.5	4.24190
57.6	4.25020
57.7	4.25860
57.8	4.26720
57.9	4.27560
58.0	4.28390
58.1	4.29200
58.2	4.30010
58.3	4.30840
58.4	4.31670
58.5	4.32480
58.6	4.33260
58.7	4.34040
58.8	4.34840
58.9	4.35640
59.0	4.36430
59.1	4.37190
59.2	4.37950
59.3	4.38710
59.4	4.39490
59.5	4.40260
59.6	4.41000
59.7	4.41730
59.8	4.42470
59.9	4.43210
60.0	4.43950
60.1	4.44680
60.2	4.45370
60.3	4.46070
60.4	4.46780
60.5	4.47500
60.6	4.48210
60.7	4.48890
60.8	4.49570
60.9	4.50260
61.0	4.50960
61.1	4.51640
61.2	4.52300
61.3	4.52950
61.4	4.53600
61.5	4.54270
61.6	4.54930
61.7	4.55570
61.8	4.56180
61.9	4.56800
62.0	4.57430
62.1	4.58060
62.2	4.58680
62.3	4.59270
62.4	4.59860
62.5	4.60460
62.6	4.61060
62.7	4.61660
62.8	4.62230
62.9	4.62790
63.0	4.63350
63.1	4.63920
63.2	4.64490
63.3	4.65030
63.4	4.65550
63.5	4.66070
63.6	4.66610
63.7	4.67150
63.8	4.67670
63.9	4.68180
64.0	4.68670
64.1	4.69180
64.2	4.69680
64.3	4.70170
64.4	4.70640
64.5	4.71100
64.6	4.71560
64.7	4.72030
64.8	4.72500
64.9	4.72940
65.0	4.73370
65.1	4.73800
65.2	4.74240
65.3	4.74670
65.4	4.75100
65.5	4.75500
65.6	4.75900
65.7	4.76300
65.8	4.76710
65.9	4.77100
66.0	4.77480
66.1	4.77840
66.2	4.78210
66.3	4.78590
66.4	4.78970
66.5	4.79310
66.6	4.79650
66.7	4.79990
66.8	4.80340
66.9	4.80700
67.0	4.81030
67.1	4.81340
67.2	4.81650
67.3	4.81980
67.4	4.82320
67.5	4.82650
67.6	4.82940
67.7	4.83210
67.8	4.83500
67.9	4.83800
68.0	4.84100
68.1	4.84380
68.2	4.84630
68.3	4.84880
68.4	4.85140
68.5	4.85390
68.6	4.85650
68.7	4.85900
68.8	4.86140
68.9	4.86380
69.0	4.86610
69.1	4.86830
69.2	4.87050
69.3	4.87260
69.4	4.87460
69.5	4.87660
69.6	4.87850
69.7	4.88040
69.8	4.88220
69.9	4.88390
70.0	4.88560
70.1	4.88730
70.2	4.88880
70.3	4.89040
70.4	4.89190
70.5	4.89340
70.6	4.89480
70.7	4.89610
70.8	4.89750
70.9	4.89880
71.0	4.90000
71.1	4.90120
71.2	4.90240
71.3	4.90350
71.4	4.90470
71.5	4.90570
71.6	4.90680
71.7	4.90780
71.8	4.90880
71.9	4.90970
72.0	4.91060
72.1	4.91150
72.2	4.91240
72.3	4.91290
72.4	4.91310
72.5	4.91330
72.6	4.91370
72.7	4.91430
72.8	4.91470
72.9	4.91460
73.0	4.91450
73.1	4.91450
73.2	4.91470
73.3	4.91480
73.4	4.91460
73.5	4.91430
73.6	4.91410
73.7	4.91400
73.8	4.91390
73.9	4.91350
74.0	4.91300
74.1	4.91250
74.2	4.91210
74.3	4.91170
74.4	4.91120
74.5	4.91050
74.6	4.90970
74.7	4.90910
74.8	4.90850
74.9	4.90780
75.0	4.90690
75.1	4.90580
75.2	4.90490
75.3	4.90410
75.4	4.90320
75.5	4.90220
75.6	4.90090
75.7	4.89960
75.8	4.89850
75.9	4.89730
76.0	4.89610
76.1	4.89460
76.2	4.89310
76.3	4.89170
76.4	4.89040
76.5	4.88890
76.6	4.88730
76.7	4.88540
76.8	4.88360
76.9	4.88190
77.0	4.88020
77.1	4.87830
77.2	4.87620
77.3	4.87420
77.4	4.87230
77.5	4.87040
77.6	4.86830
77.7	4.86590
77.8	4.86360
77.9	4.86130
78.0	4.85900
78.1	4.85670
78.2	4.85410
78.3	4.85140
78.4	4.84870
78.5	4.84620
78.6	4.84370
78.7	4.84090
78.8	4.83790
78.9	4.83490
79.0	4.83210
79.1	4.82930
79.2	4.82630
79.3	4.82310
79.4	4.81980
79.5	4.81660
79.6	4.81360
79.7	4.81040
79.8	4.80680
79.9	4.80310
80.0	4.79950
80.1	4.79610
80.2	4.79250
80.3	4.78870
80.4	4.78480
80.5	4.78090
80.6	4.77710
80.7	4.77330
80.8	4.76940
80.9	4.76520
81.0	4.76100
81.1	4.75690
81.2	4.75280
81.3	4.74870
81.4	4.74420
81.5	4.73970
81.6	4.73520
81.7	4.73090
81.8	4.72660
81.9	4.72200
82.0	4.71720
82.1	4.71240
82.2	4.70780
82.3	4.70330
82.4	4.69850
82.5	4.69350
82.6	4.68840
82.7	4.68350
82.8	4.67870
82.9	4.67380
83.0	4.66850
83.1	4.66310
83.2	4.65780
83.3	4.65260
83.4	4.64750
83.5	4.64200
83.6	4.63630
83.7	4.63060
83.8	4.62520
83.9	4.61970
84.0	4.61400
84.1	4.60800
84.2	4.60210
84.3	4.59640
84.4	4.59080
84.5	4.58500
84.6	4.57880
84.7	4.57250
84.8	4.56650
84.9	4.56060
85.0	4.55450
85.1	4.54820
85.2	4.54160
85.3	4.53520
85.4	4.52900
85.5	4.52270
85.6	4.51620
85.7	4.50940
85.8	4.50270
85.9	4.49610
86.0	4.48970
86.1	4.48300
86.2	4.47600
86.3	4.46900
86.4	4.46210
86.5	4.45540
86.6	4.44860
86.7	4.44140
86.8	4.43400
86.9	4.42680
87.0	4.41980
87.1	4.41280
87.2	4.40540
87.3	4.39790
87.4	4.39040
87.5	4.38310
87.6	4.37590
87.7	4.36840
87.8	4.36070
87.9	4.35300
88.0	4.34540
88.1	4.33800
88.2	4.33040
88.3	4.32240
88.4	4.31430
88.5	4.30630
88.6	4.29850
88.7	4.29070
88.8	4.28260
88.9	4.27430
89.0	4.26600
89.1	4.25800
89.2	4.25000
89.3	4.24180
89.4	4.23340
89.5	4.22490
89.6	4.21670
89.7	4.20850
89.8	4.20020
89.9	4.19160
90.0	4.18280
90.1	4.17420
90.2	4.16570
90.3	4.15720
90.4	4.14840
90.5	4.13940
90.6	4.13050
90.7	4.12180
90.8	4.11310
90.9	4.10420
91.0	4.09510
91.1	4.08590
91.2	4.07700
91.3	4.06820
91.4	4.05910
91.5	4.04970
91.6	4.04020
91.7	4.03080
91.8	4.02150
91.9	4.01230
92.0	4.00270
92.1	3.99300
92.2	3.98330
92.3	3.97390
92.4	3.96460
92.5	3.95490
92.6	3.94510
92.7	3.93520
92.8	3.92550
92.9	3.91600
93.0	3.90630
93.1	3.89630
93.2	3.88620
93.3	3.87630
93.4	3.86660
93.5	3.85680
93.6	3.84670
93.7	3.83630
93.8	3.82610
93.9	3.81610
94.0	3.80620
94.1	3.79590
94.2	3.78540
94.3	3.77490
94.4	3.76460
94.5	3.75450
94.6	3.74410
94.7	3.73350
94.8	3.72280
94.9	3.71230
95.0	3.70200
95.1	3.69150
95.2	3.68080
95.3	3.66990
95.4	3.65920
95.5	3.64860
95.6	3.63810
95.7	3.62740
95.8	3.61630
95.9	3.60530
96.0	3.59460
96.1	3.58390
96.2	3.57300
96.3	3.56170
96.4	3.55050
96.5	3.53940
96.6	3.52860
96.7	3.51760
96.8	3.50630
96.9	3.49480
97.0	3.48350
97.1	3.47250
97.2	3.46150
97.3	3.45010
97.4	3.43850
97.5	3.42700
97.6	3.41570
97.7	3.40440
97.8	3.39300
97.9	3.38120
98.0	3.36950
98.1	3.35790
98.2	3.34660
98.3	3.33520
98.4	3.32330
98.5	3.31130
98.6	3.29960
98.7	3.28810
98.8	3.27650
98.9	3.26460
99.0	3.25250
99.1	3.24050
99.2	3.22880
99.3	3.21710
99.4	3.20520
99.5	3.19290
99.6	3.18060
99.7	3.16860
99.8	3.15680
99.9	3.14480
100.0	3.13250
100.1	3.12000
100.2	3.10770
100.3	3.09570
100.4	3.08370
100.5	3.07130
100.6	3.05870
100.7	3.04620
100.8	3.03390
100.9	3.02180
101.0	3.00930
101.1	2.99660
101.2	2.98380
101.3	2.97140
101.4	2.95910
101.5	2.94670
101.6	2.93390
101.7	2.92110
101.8	2.90840
101.9	2.89600
102.0	2.88350
102.1	2.87070
102.2	2.85760
102.3	2.84470
102.4	2.83210
102.5	2.81950
102.6	2.80660
102.7	2.79350
102.8	2.78030
102.9	2.76750
103.0	2.75480
103.1	2.74200
103.2	2.72880
103.3	2.71550
103.4	2.70240
103.5	2.68960
103.6	2.67670
103.7	2.66340
103.8	2.65000
103.9	2.63670
104.0	2.62380
104.1	2.61080
104.2	2.59750
104.3	2.58400
104.4	2.57050
104.5	2.55730
104.6	2.54430
104.7	2.53100
104.8	2.51750
104.9	2.50380
105.0	2.49050
105.1	2.47730
105.2	2.46400
105.3	2.45040
105.4	2.43670
105.5	2.42320
105.6	2.41000
105.7	2.39670
105.8	2.38320
105.9	2.36940
106.0	2.35560
106.1	2.34220
106.2	2.32890
106.3	2.31550
106.4	2.30160
106.5	2.28780
106.6	2.27420
106.7	2.26080
106.8	2.24730
106.9	2.23340
107.0	2.21950
107.1	2.20580
107.2	2.19230
107.3	2.17880
107.4	2.16500
107.5	2.15090
107.6	2.13700
107.7	2.12330
107.8	2.10970
107.9	2.09590
108.0	2.08190
108.1	2.06780
108.2	2.05390
108.3	2.04030
108.4	2.02640
108.5	2.01230
108.6	1.99800
108.7	1.98400
108.8	1.97030
108.9	1.95660
109.0	1.94250
109.1	1.92820
109.2	1.91400
109.3	1.90010
109.4	1.88640
109.5	1.87230
109.6	1.85800
109.7	1.84370
109.8	1.82970
109.9	1.81590
110.0	1.80190
110.1	1.78760
110.2	1.77320
110.3	1.75890
110.4	1.74500
110.5	1.73110
110.6	1.71680
110.7	1.70230
110.8	1.68790
110.9	1.67380
111.0	1.65990
111.1	1.64560
111.2	1.63110
111.3	1.61660
111.4	1.60230
111.5	1.58830
111.6	1.57420
111.7	1.55970
111.8	1.54510
111.9	1.53080
112.0	1.51670
112.1	1.50250
112.2	1.48810
112.3	1.47340
112.4	1.45900
112.5	1.44480
112.6	1.43070
112.7	1.41630
112.8	1.40170
112.9	1.38700
113.0	1.37270
113.1	1.35860
113.2	1.34430
113.3	1.32970
113.4	1.31510
113.5	1.30060
113.6	1.28650
113.7	1.27230
113.8	1.25770
113.9	1.24300
114.0	1.22850
114.1	1.21420
114.2	1.20010
114.3	1.18570
114.4	1.17100
114.5	1.15620
114.6	1.14180
114.7	1.12760
114.8	1.11330
114.9	1.09870
115.0	1.08400
115.1	1.06950
115.2	1.05530
115.3	1.04100
115.4	1.02640
115.5	1.01160
115.6	0.99700
115.7	0.98270
115.8	0.96860
115.9	0.95410
116.0	0.93940
116.1	0.92470
116.2	0.91030
116.3	0.89610
116.4	0.88170
116.5	0.86700
116.6	0.85230
116.7	0.83790
116.8	0.82360
116.9	0.80930
117.0	0.79470
117.1	0.77990
117.2	0.76530
117.3	0.75100
117.4	0.73680
117.5	0.72240
117.6	0.70760
117.7	0.69300
117.8	0.67860
117.9	0.66440
118.0	0.65000
118.1	0.63530
118.2	0.62070
118.3	0.60630
118.4	0.59220
118.5	0.57790
118.6	0.56320
118.7	0.54840
118.8	0.53390
118.9	0.51970
119.0	0.50550
119.1	0.49110
119.2	0.47640
119.3	0.46180
119.4	0.44750
119.5	0.43330
119.6	0.41900
119.7	0.40430
119.8	0.38960
119.9	0.37530
120.0	0.36130
120.1	0.34710
120.2	0.33250
120.3	0.31780
120.4	0.30350
120.5	0.28940
120.6	0.27530
120.7	0.26090
120.8	0.24630
120.9	0.23190
121.0	0.21770
121.1	0.20370
121.2	0.18940
121.3	0.17470
121.4	0.16020
121.5	0.14600
121.6	0.13200
121.7	0.11790
121.8	0.10340
121.9	0.08890
122.0	0.07470
122.1	0.06070
122.2	0.04660
122.3	0.03220
122.4	0.01780
122.5	0.00350
122.6	-0.01050
122.7	-0.02430
122.8	-0.03850
122.9	-0.05300
123.0	-0.06740
123.1	-0.08140
123.2	-0.09530
123.3	-0.10940
123.4	-0.12370
123.5	-0.13790
123.6	-0.15200
123.7	-0.16570
123.8	-0.17960
123.9	-0.19380
124.0	-0.20820
124.1	-0.22230
124.2	-0.23600
124.3	-0.24970
124.4	-0.26380
124.5	-0.27790
124.6	-0.29190
124.7	-0.30570
124.8	-0.31930
124.9	-0.33320
125.0	-0.34740
125.1	-0.36160
125.2	-0.37540
125.3	-0.38890
125.4	-0.40260
125.5	-0.41660
125.6	-0.43080
125.7	-0.44470
125.8	-0.45830
125.9	-0.47190
126.0	-0.48580
126.1	-0.49980
126.2	-0.51370
126.3	-0.52730
126.4	-0.54070
126.5	-0.55450
126.6	-0.56860
126.7	-0.58260
126.8	-0.59620
126.9	-0.60940
127.0	-0.62290
127.1	-0.63660
127.2	-0.65050
127.3	-0.66420
127.4	-0.67750
127.5	-0.69070
127.6	-0.70440
127.7	-0.71830
127.8	-0.73190
127.9	-0.74500
128.0	-0.75820
128.1	-0.77180
128.2	-0.78560
128.3	-0.79920
128.4	-0.81250
128.5	-0.82560
128.6	-0.83880
128.7	-0.85230
128.8	-0.86600
128.9	-0.87940
129.0	-0.89240
129.1	-0.90550
129.2	-0.91890
129.3	-0.93260
129.4	-0.94600
129.5	-0.95900
129.6	-0.97190
129.7	-0.98490
129.8	-0.99830
129.9	-1.01160
130.0	-1.02460
130.1	-1.03750
130.2	-1.05070
130.3	-1.06410
130.4	-1.07740
130.5	-1.09030
130.6	-1.10290
130.7	-1.11570
130.8	-1.12880
130.9	-1.14220
131.0	-1.15540
131.1	-1.16810
131.2	-1.18070
131.3	-1.19350
131.4	-1.20650
131.5	-1.21950
131.6	-1.23210
131.7	-1.24470
131.8	-1.25750
131.9	-1.27050
132.0	-1.28350
132.1	-1.29600
132.2	-1.30820
132.3	-1.32060
132.4	-1.33340
132.5	-1.34640
132.6	-1.35910
132.7	-1.37140
132.8	-1.38360
132.9	-1.39600
133.0	-1.40860
133.1	-1.42110
133.2	-1.43350
133.3	-1.44580
133.4	-1.45830
133.5	-1.47100
133.6	-1.48350
133.7	-1.49550
133.8	-1.50720
133.9	-1.51920
134.0	-1.53160
134.1	-1.54440
134.2	-1.55720
134.3	-1.56960
134.4	-1.58140
134.5	-1.59300
134.6	-1.60470
134.7	-1.61660
134.8	-1.62870
134.9	-1.64090
135.0	-1.65330
135.1	-1.66560
135.2	-1.67770
135.3	-1.68940
135.4	-1.70080
135.5	-1.71210
135.6	-1.72380
135.7	-1.73600
135.8	-1.74840
135.9	-1.76060
136.0	-1.77220
136.1	-1.78370
136.2	-1.79500
136.3	-1.80630
136.4	-1.81770
136.5	-1.82940
136.6	-1.84130
136.7	-1.85330
136.8	-1.86520
136.9	-1.87670
137.0	-1.88780
137.1	-1.89850
137.2	-1.90950
137.3	-1.92110
137.4	-1.93290
137.5	-1.94460
137.6	-1.95610
137.7	-1.96740
137.8	-1.97850
137.9	-1.98930
138.0	-2.00010
138.1	-2.01100
138.2	-2.02210
138.3	-2.03360
138.4	-2.04520
138.5	-2.05660
138.6	-2.06740
138.7	-2.07780
138.8	-2.08830
138.9	-2.09910
139.0	-2.11000
139.1	-2.12110
139.2	-2.13220
139.3	-2.14310
139.4	-2.15380
139.5	-2.16430
139.6	-2.17460
139.7	-2.18480
139.8	-2.19520
139.9	-2.20600
140.0	-2.21730
140.1	-2.22830
140.2	-2.23880
140.3	-2.24900
140.4	-2.25910
140.5	-2.26930
140.6	-2.27960
140.7	-2.29010
140.8	-2.30070
140.9	-2.31130
141.0	-2.32170
141.1	-2.33180
141.2	-2.34160
141.3	-2.35120
141.4	-2.36090
141.5	-2.37120
141.6	-2.38180
141.7	-2.39230
141.8	-2.40250
141.9	-2.41240
142.0	-2.42200
142.1	-2.43150
142.2	-2.44120
142.3	-2.45100
142.4	-2.46090
142.5	-2.47100
142.6	-2.48120
142.7	-2.49120
142.8	-2.50060
142.9	-2.50960
143.0	-2.51870
143.1	-2.52820
143.2	-2.53780
143.3	-2.54770
143.4	-2.55750
143.5	-2.56710
143.6	-2.57630
143.7	-2.58540
143.8	-2.59430
143.9	-2.60330
144.0	-2.61240
144.1	-2.62180
144.2	-2.63140
144.3	-2.64090
144.4	-2.64990
144.5	-2.65860
144.6	-2.66700
144.7	-2.67560
144.8	-2.68440
144.9	-2.69360
145.0	-2.70270
145.1	-2.71180
145.2	-2.72070
145.3	-2.72950
145.4	-2.73790
145.5	-2.74610
145.6	-2.75440
145.7	-2.76310
145.8	-2.77200
145.9	-2.78090
146.0	-2.78980
146.1	-2.79820
146.2	-2.80630
146.3	-2.81430
146.4	-2.82240
146.5	-2.83070
146.6	-2.83900
146.7	-2.84740
146.8	-2.85590
146.9	-2.86420
147.0	-2.87210
147.1	-2.87980
147.2	-2.88740
147.3	-2.89510
147.4	-2.90310
147.5	-2.91140
147.6	-2.91960
147.7	-2.92750
147.8	-2.93510
147.9	-2.94270
148.0	-2.95020
148.1	-2.95750
148.2	-2.96510
148.3	-2.97290
148.4	-2.98070
148.5	-2.98850
148.6	-2.99610
148.7	-3.00340
148.8	-3.01040
148.9	-3.01730
149.0	-3.02460
149.1	-3.03210
149.2	-3.03950
149.3	-3.04680
149.4	-3.05410
149.5	-3.06130
149.6	-3.06810
149.7	-3.07490
149.8	-3.08180
149.9	-3.08860
150.0	-3.09570
150.1	-3.10290
150.2	-3.11010
150.3	-3.11690
150.4	-3.12340
150.5	-3.12990
150.6	-3.13650
150.7	-3.14300
150.8	-3.14970
150.9	-3.15640
151.0	-3.16320
151.1	-3.16980
151.2	-3.17630
151.3	-3.18270
151.4	-3.18880
151.5	-3.19480
151.6	-3.20110
151.7	-3.20770
151.8	-3.21420
151.9	-3.22030
152.0	-3.22630
152.1	-3.23230
152.2	-3.23820
152.3	-3.24390
152.4	-3.24990
152.5	-3.25590
152.6	-3.26190
152.7	-3.26790
152.8	-3.27400
152.9	-3.27980
153.0	-3.28510
153.1	-3.29040
153.2	-3.29600
153.3	-3.30170
153.4	-3.30730
153.5	-3.31300
153.6	-3.31870
153.7	-3.32410
153.8	-3.32920
153.9	-3.33440
154.0	-3.33960
154.1	-3.34460
154.2	-3.34980
154.3	-3.35530
154.4	-3.36090
154.5	-3.36600
154.6	-3.37080
154.7	-3.37570
154.8	-3.38050
154.9	-3.38540
155.0	-3.39040
155.1	-3.39540
155.2	-3.40020
155.3	-3.40500
155.4	-3.40980
155.5	-3.41450
155.6	-3.41880
155.7	-3.42310
155.8	-3.42760
155.9	-3.43230
156.0	-3.43690
156.1	-3.44140
156.2	-3.44580
156.3	-3.45000
156.4	-3.45400
156.5	-3.45820
156.6	-3.46240
156.7	-3.46650
156.8	-3.47050
156.9	-3.47480
157.0	-3.47910
157.1	-3.48320
157.2	-3.48690
157.3	-3.49040
157.4	-3.49410
157.5	-3.49800
157.6	-3.50210
157.7	-3.50610
157.8	-3.50990
157.9	-3.51350
158.0	-3.51700
158.1	-3.52060
158.2	-3.52390
158.3	-3.52730
158.4	-3.53070
158.5	-3.53440
158.6	-3.53800
158.7	-3.54150
158.8	-3.54480
158.9	-3.54770
159.0	-3.55070
159.1	-3.55390
159.2	-3.55710
159.3	-3.56030
159.4	-3.56340
159.5	-3.56650
159.6	-3.56960
159.7	-3.57260
159.8	-3.57530
159.9	-3.57790
160.0	-3.58060
160.1	-3.58340
160.2	-3.58640
160.3	-3.58940
160.4	-3.59210
160.5	-3.59450
160.6	-3.59700
160.7	-3.59940
160.8	-3.60190
160.9	-3.60430
161.0	-3.60670
161.1	-3.60920
161.2	-3.61180
161.3	-3.61430
161.4	-3.61650
161.5	-3.61830
161.6	-3.62020
161.7	-3.62230
161.8	-3.62450
161.9	-3.62670
162.0	-3.62870
162.1	-3.63060
162.2	-3.63240
162.3	-3.63430
162.4	-3.63610
162.5	-3.63770
162.6	-3.63930
162.7	-3.64100
162.8	-3.64290
162.9	-3.64460
163.0	-3.64620
163.1	-3.64750
163.2	-3.64880
163.3	-3.65010
163.4	-3.65160
163.5	-3.65300
163.6	-3.65430
163.7	-3.65560
163.8	-3.65680
163.9	-3.65800
164.0	-3.65910
164.1	-3.66000
164.2	-3.66090
164.3	-3.66180
164.4	-3.66300
164.5	-3.66410
164.6	-3.66500
164.7	-3.66570
164.8	-3.66630
164.9	-3.66690
165.0	-3.66770
165.1	-3.66830
165.2	-3.66890
165.3	-3.66950
165.4	-3.67020
165.5	-3.67080
165.6	-3.67130
165.7	-3.67160
165.8	-3.67170
165.9	-3.67190
166.0	-3.67230
166.1	-3.67280
166.2	-3.67310
166.3	-3.67310
166.4	-3.67310
166.5	-3.67320
166.6	-3.67330
166.7	-3.67320
166.8	-3.67310
166.9	-3.67300
167.0	-3.67290
167.1	-3.67280
167.2	-3.67270
167.3	-3.67240
167.4	-3.67170
167.5	-3.67110
167.6	-3.67080
167.7	-3.67060
167.8	-3.67010
167.9	-3.66950
168.0	-3.66890
168.1	-3.66820
168.2	-3.66750
168.3	-3.66670
168.4	-3.66590
168.5	-3.66490
168.6	-3.66410
168.7	-3.66340
168.8	-3.66270
168.9	-3.66170
169.0	-3.66050
169.1	-3.65930
169.2	-3.65840
169.3	-3.65740
169.4	-3.65630
169.5	-3.65520
169.6	-3.65400
169.7	-3.65270
169.8	-3.65140
169.9	-3.65010
170.0	-3.64850
170.1	-3.64690
170.2	-3.64550
170.3	-3.64420
170.4	-3.64270
170.5	-3.64110
170.6	-3.63940
170.7	-3.63770
170.8	-3.63580
170.9	-3.63410
171.0	-3.63240
171.1	-3.63050
171.2	-3.62850
171.3	-3.62680
171.4	-3.62500
171.5	-3.62300
171.6	-3.62070
171.7	-3.61850
171.8	-3.61650
171.9	-3.61440
172.0	-3.61230
172.1	-3.61030
172.2	-3.60810
172.3	-3.60570
172.4	-3.60330
172.5	-3.60100
172.6	-3.59850
172.7	-3.59590
172.8	-3.59350
172.9	-3.59120
173.0	-3.58880
173.1	-3.58590
173.2	-3.58310
173.3	-3.58030
173.4	-3.57740
173.5	-3.57460
173.6	-3.57190
173.7	-3.56920
173.8	-3.56620
173.9	-3.56330
174.0	-3.56050
174.1	-3.55750
174.2	-3.55410
174.3	-3.55090
174.4	-3.54810
174.5	-3.54510
174.6	-3.54180
174.7	-3.53850
174.8	-3.53520
174.9	-3.53160
175.0	-3.52800
175.1	-3.52470
175.2	-3.52160
175.3	-3.51800
175.4	-3.51420
175.5	-3.51070
175.6	-3.50730
175.7	-3.50350
175.8	-3.49960
175.9	-3.49590
176.0	-3.49220
176.1	-3.48840
176.2	-3.48460
176.3	-3.48100
176.4	-3.47690
176.5	-3.47250
176.6	-3.46850
176.7	-3.46480
176.8	-3.46070
176.9	-3.45630
177.0	-3.45210
177.1	-3.44810
177.2	-3.44390
177.3	-3.43950
177.4	-3.43510
177.5	-3.43070
177.6	-3.42610
177.7	-3.42170
177.8	-3.41750
177.9	-3.41310
178.0	-3.40830
178.1	-3.40360
178.2	-3.39910
178.3	-3.39440
178.4	-3.38960
178.5	-3.38480
178.6	-3.38010
178.7	-3.37540
178.8	-3.37060
178.9	-3.36580
179.0	-3.36090
179.1	-3.35570
179.2	-3.35050
179.3	-3.34560
179.4	-3.34070
179.5	-3.33550
179.6	-3.33020
179.7	-3.32500
179.8	-3.31970
179.9	-3.31430
180.0	-3.30890
180.1	-3.30360
180.2	-3.29810
180.3	-3.29250
180.4	-3.28720
180.5	-3.28180
180.6	-3.27610
180.7	-3.27030
180.8	-3.26470
180.9	-3.25920
181.0	-3.25360
181.1	-3.24780
181.2	-3.24210
181.3	-3.23630
181.4	-3.23050
181.5	-3.22470
181.6	-3.21890
181.7	-3.21280
181.8	-3.20670
181.9	-3.20070
182.0	-3.19490
182.1	-3.18880
182.2	-3.18240
182.3	-3.17620
182.4	-3.17000
182.5	-3.16370
182.6	-3.15740
182.7	-3.15110
182.8	-3.14470
182.9	-3.13820
183.0	-3.13180
183.1	-3.12550
183.2	-3.11910
183.3	-3.11230
183.4	-3.10570
183.5	-3.09930
183.6	-3.09270
183.7	-3.08590
183.8	-3.07910
183.9	-3.07240
184.0	-3.06560
184.1	-3.05890
184.2	-3.05220
184.3	-3.04530
184.4	-3.03820
184.5	-3.03120
184.6	-3.02440
184.7	-3.01750
184.8	-3.01040
184.9	-3.00330
185.0	-2.99620
185.1	-2.98910
185.2	-2.98190
185.3	-2.97480
185.4	-2.96760
185.5	-2.96020
185.6	-2.95280
185.7	-2.94560
185.8	-2.93830
185.9	-2.93070
186.0	-2.92310
186.1	-2.91560
186.2	-2.90820
186.3	-2.90070
186.4	-2.89310
186.5	-2.88530
186.6	-2.87760
186.7	-2.86980
186.8	-2.86220
186.9	-2.85460
187.0	-2.84670
187.1	-2.83880
187.2	-2.83100
187.3	-2.82330
187.4	-2.81540
187.5	-2.80720
187.6	-2.79920
187.7	-2.79120
187.8	-2.78330
187.9	-2.77530
188.0	-2.76720
188.1	-2.75880
188.2	-2.75040
188.3	-2.74210
188.4	-2.73390
188.5	-2.72560
188.6	-2.71720
188.7	-2.70890
188.8	-2.70070
188.9	-2.69230
189.0	-2.68380
189.1	-2.67510
189.2	-2.66640
189.3	-2.65780
189.4	-2.64940
189.5	-2.64100
189.6	-2.63240
189.7	-2.62350
189.8	-2.61470
189.9	-2.60610
190.0	-2.59730
190.1	-2.58840
190.2	-2.57950
190.3	-2.57080
190.4	-2.56200
190.5	-2.55320
190.6	-2.54440
190.7	-2.53530
190.8	-2.52600
190.9	-2.51690
191.0	-2.50800
191.1	-2.49910
191.2	-2.48990
191.3	-2.48070
191.4	-2.47160
191.5	-2.46240
191.6	-2.45310
191.7	-2.44380
191.8	-2.43450
191.9	-2.42510
192.0	-2.41590
192.1	-2.40680
192.2	-2.39750
192.3	-2.38790
192.4	-2.37820
192.5	-2.36870
192.6	-2.35930
192.7	-2.34990
192.8	-2.34030
192.9	-2.33080
193.0	-2.32110
193.1	-2.31140
193.2	-2.30180
193.3	-2.29210
193.4	-2.28220
193.5	-2.27240
193.6	-2.26290
193.7	-2.25340
193.8	-2.24360
193.9	-2.23360
194.0	-2.22360
194.1	-2.21370
194.2	-2.20380
194.3	-2.19390
194.4	-2.18400
194.5	-2.17400
194.6	-2.16400
194.7	-2.15410
194.8	-2.14420
194.9	-2.13400
195.0	-2.12370
195.1	-2.11350
195.2	-2.10360
195.3	-2.09360
195.4	-2.08340
195.5	-2.07310
195.6	-2.06280
195.7	-2.05240
195.8	-2.04210
195.9	-2.03190
196.0	-2.02150
196.1	-2.01110
196.2	-2.00080
196.3	-1.99060
196.4	-1.98030
196.5	-1.96960
196.6	-1.95890
196.7	-1.94830
196.8	-1.93780
196.9	-1.92730
197.0	-1.91690
197.1	-1.90640
197.2	-1.89560
197.3	-1.88490
197.4	-1.87430
197.5	-1.86360
197.6	-1.85280
197.7	-1.84200
197.8	-1.83140
197.9	-1.82090
198.0	-1.81010
198.1	-1.79920
198.2	-1.78830
198.3	-1.77730
198.4	-1.76640
198.5	-1.75560
198.6	-1.74480
198.7	-1.73370
198.8	-1.72260
198.9	-1.71170
199.0	-1.70090
199.1	-1.68980
199.2	-1.67870
199.3	-1.66770
199.4	-1.65660
199.5	-1.64570
199.6	-1.63470
199.7	-1.62360
199.8	-1.61230
199.9	-1.60090
200.0	-1.58970
200.1	-1.57870
200.2	-1.56740
200.3	-1.55600
200.4	-1.54470
200.5	-1.53350
200.6	-1.52230
200.7	-1.51090
200.8	-1.49950
200.9	-1.48800
201.0	-1.47650
201.1	-1.46510
201.2	-1.45380
201.3	-1.44240
201.4	-1.43080
201.5	-1.41930
201.6	-1.40790
201.7	-1.39650
201.8	-1.38500
201.9	-1.37340
202.0	-1.36190
202.1	-1.35040
202.2	-1.33890
202.3	-1.32740
202.4	-1.31580
202.5	-1.30400
202.6	-1.29240
202.7	-1.28090
202.8	-1.26930
202.9	-1.25760
203.0	-1.24590
203.1	-1.23420
203.2	-1.22250
203.3	-1.21070
203.4	-1.19900
203.5	-1.18720
203.6	-1.17530
203.7	-1.16350
203.8	-1.15190
203.9	-1.14010
204.0	-1.12820
204.1	-1.11630
204.2	-1.10440
204.3	-1.09270
204.4	-1.08090
204.5	-1.06900
204.6	-1.05710
204.7	-1.04510
204.8	-1.03320
204.9	-1.02140
205.0	-1.00950
205.1	-0.99740
205.2	-0.98530
205.3	-0.97340
205.4	-0.96150
205.5	-0.94950
205.6	-0.93750
205.7	-0.92540
205.8	-0.91340
205.9	-0.90130
206.0	-0.88940
206.1	-0.87740
206.2	-0.86520
206.3	-0.85310
206.4	-0.84110
206.5	-0.82910
206.6	-0.81700
206.7	-0.80480
206.8	-0.79260
206.9	-0.78060
207.0	-0.76840
207.1	-0.75630
207.2	-0.74420
207.3	-0.73190
207.4	-0.71970
207.5	-0.70760
207.6	-0.69550
207.7	-0.68330
207.8	-0.67100
207.9	-0.65870
208.0	-0.64650
208.1	-0.63440
208.2	-0.62220
208.3	-0.60990
208.4	-0.59750
208.5	-0.58520
208.6	-0.57290
208.7	-0.56070
208.8	-0.54830
208.9	-0.53580
209.0	-0.52340
209.1	-0.51110
209.2	-0.49880
209.3	-0.48640
209.4	-0.47400
209.5	-0.46170
209.6	-0.44930
209.7	-0.43700
209.8	-0.42470
209.9	-0.41230
210.0	-0.39990
210.1	-0.38750
210.2	-0.37530
210.3	-0.36290
210.4	-0.35040
210.5	-0.33800
210.6	-0.32560
210.7	-0.31330
210.8	-0.30090
210.9	-0.28850
211.0	-0.27600
211.1	-0.26340
211.2	-0.25100
211.3	-0.23860
211.4	-0.22620
211.5	-0.21370
211.6	-0.20120
211.7	-0.18880
211.8	-0.17640
211.9	-0.16400
212.0	-0.15150
212.1	-0.13890
212.2	-0.12640
212.3	-0.11400
212.4	-0.10170
212.5	-0.08920
212.6	-0.07660
212.7	-0.06410
212.8	-0.05160
212.9	-0.03920
213.0	-0.02670
213.1	-0.01420
213.2	-0.00170
213.3	0.01080
213.4	0.02320
213.5	0.03570
213.6	0.04830
213.7	0.06090
213.8	0.07340
213.9	0.08580
214.0	0.09820
214.1	0.11070
214.2	0.12320
214.3	0.13580
214.4	0.14820
214.5	0.16070
214.6	0.17310
214.7	0.18560
214.8	0.19820
214.9	0.21080
215.0	0.22320
215.1	0.23570
215.2	0.24830
215.3	0.26080
215.4	0.27330
215.5	0.28560
215.6	0.29800
215.7	0.31040
215.8	0.32300
215.9	0.33550
216.0	0.34800
216.1	0.36040
216.2	0.37280
216.3	0.38530
216.4	0.39780
216.5	0.41030
216.6	0.42270
216.7	0.43510
216.8	0.44760
216.9	0.46000
217.0	0.47250
217.1	0.48490
217.2	0.49720
217.3	0.50960
217.4	0.52210
217.5	0.53450
217.6	0.54690
217.7	0.55920
217.8	0.57160
217.9	0.58400
218.0	0.59640
218.1	0.60870
218.2	0.62100
218.3	0.63330
218.4	0.64580
218.5	0.65820
218.6	0.67060
218.7	0.68280
218.8	0.69510
218.9	0.70740
219.0	0.71980
219.1	0.73220
219.2	0.74450
219.3	0.75670
219.4	0.76900
219.5	0.78130
219.6	0.79370
219.7	0.80600
219.8	0.81820
219.9	0.83050
220.0	0.84280
220.1	0.85520
220.2	0.86740
220.3	0.87960
220.4	0.89180
220.5	0.90400
220.6	0.91630
220.7	0.92860
220.8	0.94080
220.9	0.95290
221.0	0.96500
221.1	0.97730
221.2	0.98950
221.3	1.00160
221.4	1.01360
221.5	1.02570
221.6	1.03790
221.7	1.05010
221.8	1.06230
221.9	1.07420
222.0	1.08620
222.1	1.09820
222.2	1.11040
222.3	1.12260
222.4	1.13460
222.5	1.14660
222.6	1.15860
222.7	1.17060
222.8	1.18260
222.9	1.19460
223.0	1.20640
223.1	1.21830
223.2	1.23020
223.3	1.24220
223.4	1.25410
223.5	1.26590
223.6	1.27770
223.7	1.28960
223.8	1.30150
223.9	1.31340
224.0	1.32520
224.1	1.33690
224.2	1.34860
224.3	1.36050
224.4	1.37230
224.5	1.38410
224.6	1.39570
224.7	1.40730
224.8	1.41900
224.9	1.43080
225.0	1.44240
225.1	1.45400
225.2	1.46550
225.3	1.47720
225.4	1.48900
225.5	1.50060
225.6	1.51210
225.7	1.52350
225.8	1.53500
225.9	1.54660
226.0	1.55810
226.1	1.56950
226.2	1.58080
226.3	1.59220
226.4	1.60380
226.5	1.61530
226.6	1.62670
226.7	1.63800
226.8	1.64930
226.9	1.66070
227.0	1.67220
227.1	1.68350
227.2	1.69470
227.3	1.70590
227.4	1.71720
227.5	1.72850
227.6	1.73980
227.7	1.75090
227.8	1.76200
227.9	1.77320
228.0	1.78440
228.1	1.79570
228.2	1.80670
228.3	1.81770
228.4	1.82860
228.5	1.83980
228.6	1.85110
228.7	1.86220
228.8	1.87330
228.9	1.88420
229.0	1.89520
229.1	1.90620
229.2	1.91720
229.3	1.92800
229.4	1.93880
229.5	1.94970
229.6	1.96070
229.7	1.97160
229.8	1.98230
229.9	1.99300
230.0	2.00360
230.1	2.01450
230.2	2.02530
230.3	2.03610
230.4	2.04670
230.5	2.05730
230.6	2.06800
230.7	2.07870
230.8	2.08930
230.9	2.09980
231.0	2.11020
231.1	2.12070
231.2	2.13130
231.3	2.14190
231.4	2.15220
231.5	2.16250
231.6	2.17290
231.7	2.18340
231.8	2.19390
231.9	2.20430
232.0	2.21460
232.1	2.22490
232.2	2.23520
232.3	2.24560
232.4	2.25580
232.5	2.26590
232.6	2.27600
232.7	2.28610
232.8	2.29640
232.9	2.30650
233.0	2.31650
233.1	2.32640
233.2	2.33640
233.3	2.34650
233.4	2.35660
233.5	2.36660
233.6	2.37650
233.7	2.38630
233.8	2.39630
233.9	2.40620
234.0	2.41610
234.1	2.42570
234.2	2.43540
234.3	2.44520
234.4	2.45500
234.5	2.46470
234.6	2.47430
234.7	2.48370
234.8	2.49330
234.9	2.50290
235.0	2.51250
235.1	2.52190
235.2	2.53130
235.3	2.54070
235.4	2.55020
235.5	2.55970
235.6	2.56910
235.7	2.57830
235.8	2.58750
235.9	2.59680
236.0	2.60610
236.1	2.61540
236.2	2.62450
236.3	2.63360
236.4	2.64270
236.5	2.65190
236.6	2.66110
236.7	2.67020
236.8	2.67910
236.9	2.68810
237.0	2.69720
237.1	2.70630
237.2	2.71530
237.3	2.72420
237.4	2.73290
237.5	2.74180
237.6	2.75060
237.7	2.75940
237.8	2.76810
237.9	2.77660
238.0	2.78530
238.1	2.79400
238.2	2.80270
238.3	2.81130
238.4	2.81970
238.5	2.82820
238.6	2.83670
238.7	2.84530
238.8	2.85380
238.9	2.86210
239.0	2.87040
239.1	2.87870
239.2	2.88710
239.3	2.89540
239.4	2.90360
239.5	2.91170
239.6	2.91980
239.7	2.92800
239.8	2.93610
239.9	2.94400
240.0	2.95180
240.1	2.95970
240.2	2.96770
240.3	2.97570
240.4	2.98360
240.5	2.99140
240.6	2.99910
240.7	3.00690
240.8	3.01470
240.9	3.02240
241.0	3.02990
241.1	3.03740
241.2	3.04500
241.3	3.05260
241.4	3.06020
241.5	3.06760
241.6	3.07500
241.7	3.08240
241.8	3.08980
241.9	3.09720
242.0	3.10450
242.1	3.11160
242.2	3.11880
242.3	3.12600
242.4	3.13320
242.5	3.14030
242.6	3.14730
242.7	3.15430
242.8	3.16130
242.9	3.16840
243.0	3.17540
243.1	3.18220
243.2	3.18890
243.3	3.19570
243.4	3.20250
243.5	3.20930
243.6	3.21590
243.7	3.22250
243.8	3.22910
243.9	3.23580
244.0	3.24250
244.1	3.24910
244.2	3.25550
244.3	3.26190
244.4	3.26840
244.5	3.27490
244.6	3.28130
244.7	3.28760
244.8	3.29380
244.9	3.30010
245.0	3.30640
245.1	3.31260
245.2	3.31880
245.3	3.32480
245.4	3.33080
245.5	3.33690
245.6	3.34300
245.7	3.34900
245.8	3.35480
245.9	3.36060
246.0	3.36650
246.1	3.37240
246.2	3.37810
246.3	3.38370
246.4	3.38930
246.5	3.39500
246.6	3.40080
246.7	3.40650
246.8	3.41210
246.9	3.41760
247.0	3.42310
247.1	3.42860
247.2	3.43410
247.3	3.43940
247.4	3.44460
247.5	3.44990
247.6	3.45520
247.7	3.46060
247.8	3.46580
247.9	3.47090
248.0	3.47600
248.1	3.48100
248.2	3.48610
248.3	3.49110
248.4	3.49590
248.5	3.50060
248.6	3.50540
248.7	3.51020
248.8	3.51510
248.9	3.51970
249.0	3.52420
249.1	3.52880
249.2	3.53350
249.3	3.53810
249.4	3.54260
249.5	3.54700
249.6	3.55130
249.7	3.55580
249.8	3.56030
249.9	3.56470
250.0	3.56890
250.1	3.57310
250.2	3.57730
250.3	3.58150
250.4	3.58570
250.5	3.58970
250.6	3.59360
250.7	3.59750
250.8	3.60140
250.9	3.60540
251.0	3.60920
251.1	3.61280
251.2	3.61640
251.3	3.62020
251.4	3.62400
251.5	3.62780
251.6	3.63130
251.7	3.63480
251.8	3.63830
251.9	3.64200
252.0	3.64560
252.1	3.64900
252.2	3.65240
252.3	3.65580
252.4	3.65920
252.5	3.66270
252.6	3.66590
252.7	3.66910
252.8	3.67220
252.9	3.67550
253.0	3.67880
253.1	3.68190
253.2	3.68490
253.3	3.68780
253.4	3.69080
253.5	3.69380
253.6	3.69670
253.7	3.69950
253.8	3.70220
253.9	3.70500
254.0	3.70770
254.1	3.71050
254.2	3.71300
254.3	3.71550
254.4	3.71800
254.5	3.72040
254.6	3.72290
254.7	3.72530
254.8	3.72740
254.9	3.72960
255.0	3.73190
255.1	3.73420
255.2	3.73640
255.3	3.73840
255.4	3.74040
255.5	3.74250
255.6	3.74450
255.7	3.74650
255.8	3.74830
255.9	3.75000
256.0	3.75180
256.1	3.75360
256.2	3.75530
256.3	3.75700
256.4	3.75850
256.5	3.76000
256.6	3.76160
256.7	3.76320
256.8	3.76460
256.9	3.76600
257.0	3.76720
257.1	3.76850
257.2	3.76990
257.3	3.77120
257.4	3.77240
257.5	3.77340
257.6	3.77450
257.7	3.77560
257.8	3.77670
257.9	3.77770
258.0	3.77860
258.1	3.77940
258.2	3.78030
258.3	3.78120
258.4	3.78210
258.5	3.78270
258.6	3.78330
258.7	3.78400
258.8	3.78470
258.9	3.78530
259.0	3.78580
259.1	3.78620
259.2	3.78660
259.3	3.78710
259.4	3.78760
259.5	3.78800
259.6	3.78820
259.7	3.78840
259.8	3.78870
259.9	3.78900
260.0	3.78920
260.1	3.78920
260.2	3.78920
260.3	3.78920
260.4	3.78930
260.5	3.78930
260.6	3.78920
260.7	3.78890
260.8	3.78870
260.9	3.78860
261.0	3.78850
261.1	3.78810
261.2	3.78760
261.3	3.78710
261.4	3.78670
261.5	3.78630
261.6	3.78570
261.7	3.78500
261.8	3.78420
261.9	3.78360
262.0	3.78300
262.1	3.78220
262.2	3.78130
262.3	3.78020
262.4	3.77930
262.5	3.77840
262.6	3.77750
262.7	3.77630
262.8	3.77500
262.9	3.77380
263.0	3.77260
263.1	3.77140
263.2	3.77010
263.3	3.76860
263.4	3.76710
263.5	3.76570
263.6	3.76440
263.7	3.76290
263.8	3.76140
263.9	3.75970
264.0	3.75820
264.1	3.75670
264.2	3.75520
264.3	3.75340
264.4	3.75160
264.5	3.74970
264.6	3.74800
264.7	3.74620
264.8	3.74430
264.9	3.74220
265.0	3.74020
265.1	3.73820
265.2	3.73620
265.3	3.73410
265.4	3.73190
265.5	3.72960
265.6	3.72740
265.7	3.72520
265.8	3.72290
265.9	3.72050
266.0	3.71800
266.1	3.71560
266.2	3.71330
266.3	3.71090
266.4	3.70830
266.5	3.70560
266.6	3.70290
266.7	3.70030
266.8	3.69770
266.9	3.69500
267.0	3.69220
267.1	3.68940
267.2	3.68660
267.3	3.68390
267.4	3.68100
267.5	3.67790
267.6	3.67480
267.7	3.67160
267.8	3.66860
267.9	3.66550
268.0	3.66220
268.1	3.65890
268.2	3.65560
268.3	3.65250
268.4	3.64930
268.5	3.64600
268.6	3.64250
268.7	3.63900
268.8	3.63550
268.9	3.63220
269.0	3.62860
269.1	3.62490
269.2	3.62110
269.3	3.61740
269.4	3.61370
269.5	3.61010
269.6	3.60620
269.7	3.60230
269.8	3.59840
269.9	3.59460
270.0	3.59080
270.1	3.58690
270.2	3.58270
270.3	3.57850
270.4	3.57450
270.5	3.57050
270.6	3.56630
270.7	3.56190
270.8	3.55750
270.9	3.55310
271.0	3.54880
271.1	3.54450
271.2	3.54000
271.3	3.53540
271.4	3.53080
271.5	3.52640
271.6	3.52190
271.7	3.51730
271.8	3.51250
271.9	3.50770
272.0	3.50310
272.1	3.49840
272.2	3.49370
272.3	3.48880
272.4	3.48390
272.5	3.47900
272.6	3.47430
272.7	3.46940
272.8	3.46440
272.9	3.45920
273.0	3.45410
273.1	3.44920
273.2	3.44410
273.3	3.43890
273.4	3.43350
273.5	3.42810
273.6	3.42290
273.7	3.41770
273.8	3.41230
273.9	3.40680
274.0	3.40120
274.1	3.39580
274.2	3.39040
274.3	3.38490
274.4	3.37920
274.5	3.37340
274.6	3.36770
274.7	3.36220
274.8	3.35660
274.9	3.35080
275.0	3.34490
275.1	3.33900
275.2	3.33320
275.3	3.32740
275.4	3.32150
275.5	3.31540
275.6	3.30920
275.7	3.30320
275.8	3.29720
275.9	3.29110
276.0	3.28490
276.1	3.27860
276.2	3.27240
276.3	3.26630
276.4	3.26020
276.5	3.25390
276.6	3.24740
276.7	3.24100
276.8	3.23470
276.9	3.22840
277.0	3.22200
277.1	3.21530
277.2	3.20880
277.3	3.20240
277.4	3.19600
277.5	3.18940
277.6	3.18260
277.7	3.17570
277.8	3.16900
277.9	3.16240
278.0	3.15580
278.1	3.14890
278.2	3.14190
278.3	3.13510
278.4	3.12830
278.5	3.12150
278.6	3.11440
278.7	3.10720
278.8	3.10020
278.9	3.09320
279.0	3.08630
279.1	3.07930
279.2	3.07200
279.3	3.06460
279.4	3.05750
279.5	3.05040
279.6	3.04320
279.7	3.03580
279.8	3.02830
279.9	3.02090
280.0	3.01370
280.1	3.00640
280.2	2.99880
280.3	2.99120
280.4	2.98360
280.5	2.97630
280.6	2.96890
280.7	2.96130
280.8	2.95350
280.9	2.94580
281.0	2.93830
281.1	2.93080
281.2	2.92310
281.3	2.91530
281.4	2.90730
281.5	2.89960
281.6	2.89190
281.7	2.88410
281.8	2.87610
281.9	2.86800
282.0	2.85990
282.1	2.85210
282.2	2.84420
282.3	2.83610
282.4	2.82780
282.5	2.81950
282.6	2.81140
282.7	2.80340
282.8	2.79520
282.9	2.78680
283.0	2.77850
283.1	2.77030
283.2	2.76220
283.3	2.75400
283.4	2.74550
283.5	2.73690
283.6	2.72840
283.7	2.72020
283.8	2.71180
283.9	2.70320
284.0	2.69450
284.1	2.68580
284.2	2.67720
284.3	2.66880
284.4	2.66010
284.5	2.65130
284.6	2.64240
284.7	2.63380
284.8	2.62530
284.9	2.61660
285.0	2.60770
285.1	2.59880
285.2	2.59000
285.3	2.58140
285.4	2.57260
285.5	2.56370
285.6	2.55460
285.7	2.54550
285.8	2.53660
285.9	2.52780
286.0	2.51880
286.1	2.50950
286.2	2.50040
286.3	2.49140
286.4	2.48250
286.5	2.47340
286.6	2.46410
286.7	2.45480
286.8	2.44560
286.9	2.43660
287.0	2.42760
287.1	2.41820
287.2	2.40870
287.3	2.39930
287.4	2.39020
287.5	2.38100
287.6	2.37150
287.7	2.36200
287.8	2.35250
287.9	2.34310
288.0	2.33390
288.1	2.32450
288.2	2.31490
288.3	2.30520
288.4	2.29570
288.5	2.28640
288.6	2.27700
288.7	2.26720
288.8	2.25740
288.9	2.24780
289.0	2.23830
289.1	2.22870
289.2	2.21900
289.3	2.20910
289.4	2.19930
289.5	2.18970
289.6	2.18020
289.7	2.17050
289.8	2.16060
289.9	2.15070
290.0	2.14100
290.1	2.13140
290.2	2.12160
290.3	2.11160
290.4	2.10160
290.5	2.09160
290.6	2.08190
290.7	2.07210
290.8	2.06210
290.9	2.05200
291.0	2.04190
291.1	2.03210
291.2	2.02240
291.3	2.01240
291.4	2.00220
291.5	1.99210
291.6	1.98210
291.7	1.97210
291.8	1.96200
291.9	1.95170
292.0	1.94140
292.1	1.93130
292.2	1.92130
292.3	1.91130
292.4	1.90100
292.5	1.89050
292.6	1.88020
292.7	1.87000
292.8	1.85990
292.9	1.84960
293.0	1.83920
293.1	1.82880
293.2	1.81860
293.3	1.80850
293.4	1.79820
293.5	1.78770
293.6	1.77710
293.7	1.76680
293.8	1.75670
293.9	1.74640
294.0	1.73600
294.1	1.72540
294.2	1.71490
294.3	1.70450
294.4	1.69420
294.5	1.68370
294.6	1.67300
294.7	1.66240
294.8	1.65200
294.9	1.64170
295.0	1.63120
295.1	1.62050
295.2	1.60970
295.3	1.59910
295.4	1.58870
295.5	1.57820
295.6	1.56750
295.7	1.55670
295.8	1.54610
295.9	1.53560
296.0	1.52500
296.1	1.51420
296.2	1.50320
296.3	1.49240
296.4	1.48190
296.5	1.47140
296.6	1.46070
296.7	1.44980
296.8	1.43890
296.9	1.42820
297.0	1.41760
297.1	1.40700
297.2	1.39610
297.3	1.38520
297.4	1.37430
297.5	1.36370
297.6	1.35310
297.7	1.34210
297.8	1.33100
297.9	1.32010
298.0	1.30950
298.1	1.29890
298.2	1.28800
298.3	1.27700
298.4	1.26590
298.5	1.25510
298.6	1.24440
298.7	1.23360
298.8	1.22260
298.9	1.21140
299.0	1.20050
299.1	1.18980
299.2	1.17910
299.3	1.16800
299.4	1.15680
299.5	1.14580
299.6	1.13500
299.7	1.12430
299.8	1.11340
299.9	1.10220
300.0	1.09110
300.1	1.08020
300.2	1.06950
300.3	1.05870
300.4	1.04750
300.5	1.03630
300.6	1.02540
300.7	1.01460
300.8	1.00380
300.9	0.99270
301.0	0.98140
301.1	0.97030
301.2	0.95940
301.3	0.94870
301.4	0.93770
301.5	0.92640
301.6	0.91510
301.7	0.90420
301.8	0.89340
301.9	0.88240
302.0	0.87110
302.1	0.85980
302.2	0.84880
302.3	0.83800
302.4	0.82720
302.5	0.81610
302.6	0.80480
302.7	0.79370
302.8	0.78280
302.9	0.77200
303.0	0.76090
303.1	0.74950
303.2	0.73830
303.3	0.72740
303.4	0.71660
303.5	0.70550
303.6	0.69420
303.7	0.68290
303.8	0.67180
303.9	0.66100
304.0	0.65010
304.1	0.63890
304.2	0.62750
304.3	0.61640
304.4	0.60560
304.5	0.59480
304.6	0.58370
304.7	0.57240
304.8	0.56120
304.9	0.55030
305.0	0.53950
305.1	0.52840
305.2	0.51710
305.3	0.50580
305.4	0.49480
305.5	0.48400
305.6	0.47310
305.7	0.46180
305.8	0.45050
305.9	0.43940
306.0	0.42850
306.1	0.41760
306.2	0.40650
306.3	0.39520
306.4	0.38400
306.5	0.37310
306.6	0.36240
306.7	0.35140
306.8	0.34010
306.9	0.32890
307.0	0.31800
307.1	0.30730
307.2	0.29640
307.3	0.28520
307.4	0.27400
307.5	0.26290
307.6	0.25210
307.7	0.24130
307.8	0.23030
307.9	0.21910
308.0	0.20800
308.1	0.19730
308.2	0.18660
308.3	0.17560
308.4	0.16440
308.5	0.15330
308.6	0.14260
308.7	0.13190
308.8	0.12110
308.9	0.11000
309.0	0.09880
309.1	0.08790
309.2	0.07720
309.3	0.06650
309.4	0.05550
309.5	0.04430
309.6	0.03320
309.7	0.02250
309.8	0.01190
309.9	0.00100
310.0	-0.01010
310.1	-0.02120
310.2	-0.03190
310.3	-0.04250
310.4	-0.05320
310.5	-0.06420
310.6	-0.07530
310.7	-0.08610
310.8	-0.09650
310.9	-0.10710
311.0	-0.11810
311.1	-0.12910
311.2	-0.13990
311.3	-0.15040
311.4	-0.16090
311.5	-0.17170
311.6	-0.18280
311.7	-0.19370
311.8	-0.20430
311.9	-0.21470
312.0	-0.22530
312.1	-0.23630
312.2	-0.24720
312.3	-0.25780
312.4	-0.26810
312.5	-0.27860
312.6	-0.28940
312.7	-0.30030
312.8	-0.31090
312.9	-0.32130
313.0	-0.33160
313.1	-0.34230
313.2	-0.35310
313.3	-0.36390
313.4	-0.37430
313.5	-0.38450
313.6	-0.39500
313.7	-0.40580
313.8	-0.41640
313.9	-0.42670
314.0	-0.43690
314.1	-0.44720
314.2	-0.45780
314.3	-0.46850
314.4	-0.47900
314.5	-0.48910
314.6	-0.49920
314.7	-0.50970
314.8	-0.52040
314.9	-0.53090
315.0	-0.54110
315.1	-0.55120
315.2	-0.56160
315.3	-0.57220
315.4	-0.58260
315.5	-0.59280
315.6	-0.60280
315.7	-0.61290
315.8	-0.62340
315.9	-0.63390
316.0	-0.64420
316.1	-0.65410
316.2	-0.66410
316.3	-0.67440
316.4	-0.68480
316.5	-0.69500
316.6	-0.70500
316.7	-0.71490
316.8	-0.72510
316.9	-0.73540
317.0	-0.74560
317.1	-0.75540
317.2	-0.76510
317.3	-0.77510
317.4	-0.78540
317.5	-0.79570
317.6	-0.80560
317.7	-0.81520
317.8	-0.82490
317.9	-0.83490
318.0	-0.84510
318.1	-0.85520
318.2	-0.86500
318.3	-0.87460
318.4	-0.88450
318.5	-0.89470
318.6	-0.90450
318.7	-0.91400
318.8	-0.92350
318.9	-0.93330
319.0	-0.94340
319.1	-0.95350
319.2	-0.96330
319.3	-0.97280
319.4	-0.98220
319.5	-0.99190
319.6	-1.00200
319.7	-1.01170
319.8	-1.02120
319.9	-1.03070
320.0	-1.04040
320.1	-1.05030
320.2	-1.05990
320.3	-1.06920
320.4	-1.07840
320.5	-1.08780
320.6	-1.09760
320.7	-1.10750
320.8	-1.11690
320.9	-1.12600
321.0	-1.13520
321.1	-1.14470
321.2	-1.15440
321.3	-1.16360
321.4	-1.17280
321.5	-1.18200
321.6	-1.19150
321.7	-1.20110
321.8	-1.21050
321.9	-1.21950
322.0	-1.22830
322.1	-1.23750
322.2	-1.24700
322.3	-1.25660
322.4	-1.26570
322.5	-1.27460
322.6	-1.28360
322.7	-1.29280
322.8	-1.30200
322.9	-1.31090
323.0	-1.31970
323.1	-1.32860
323.2	-1.33780
323.3	-1.34720
323.4	-1.35630
323.5	-1.36490
323.6	-1.37330
323.7	-1.38220
323.8	-1.39130
323.9	-1.40030
324.0	-1.40900
324.1	-1.41760
324.2	-1.42640
324.3	-1.43520
324.4	-1.44400
324.5	-1.45270
324.6	-1.46090
324.7	-1.46920
324.8	-1.47810
324.9	-1.48730
325.0	-1.49600
325.1	-1.50430
325.2	-1.51260
325.3	-1.52110
325.4	-1.52980
325.5	-1.53830
325.6	-1.54680
325.7	-1.55510
325.8	-1.56340
325.9	-1.57210
326.0	-1.58080
326.1	-1.58900
326.2	-1.59690
326.3	-1.60480
326.4	-1.61330
326.5	-1.62190
326.6	-1.63020
326.7	-1.63820
326.8	-1.64620
326.9	-1.65430
327.0	-1.66250
327.1	-1.67080
327.2	-1.67880
327.3	-1.68640
327.4	-1.69440
327.5	-1.70280
327.6	-1.71110
327.7	-1.71890
327.8	-1.72640
327.9	-1.73420
328.0	-1.74220
328.1	-1.75030
328.2	-1.75830
328.3	-1.76610
328.4	-1.77370
328.5	-1.78140
328.6	-1.78940
328.7	-1.79730
328.8	-1.80460
328.9	-1.81190
329.0	-1.81960
329.1	-1.82760
329.2	-1.83540
329.3	-1.84280
329.4	-1.85000
329.5	-1.85740
329.6	-1.86490
329.7	-1.87260
329.8	-1.88030
329.9	-1.88750
330.0	-1.89470
330.1	-1.90210
330.2	-1.90970
330.3	-1.91710
330.4	-1.92410
330.5	-1.93100
330.6	-1.93830
330.7	-1.94580
330.8	-1.95320
330.9	-1.96030
331.0	-1.96720
331.1	-1.97410
331.2	-1.98120
331.3	-1.98840
331.4	-1.99540
331.5	-2.00220
331.6	-2.00900
331.7	-2.01620
331.8	-2.02340
331.9	-2.03030
332.0	-2.03690
332.1	-2.04340
332.2	-2.05010
332.3	-2.05710
332.4	-2.06420
332.5	-2.07100
332.6	-2.07740
332.7	-2.08390
332.8	-2.09070
332.9	-2.09760
333.0	-2.10400
333.1	-2.11030
333.2	-2.11670
333.3	-2.12330
333.4	-2.13000
333.5	-2.13650
333.6	-2.14270
333.7	-2.14870
333.8	-2.15500
333.9	-2.16160
334.0	-2.16810
334.1	-2.17430
334.2	-2.18030
334.3	-2.18640
334.4	-2.19270
334.5	-2.19900
334.6	-2.20500
334.7	-2.21080
334.8	-2.21680
334.9	-2.22300
335.0	-2.22930
335.1	-2.23540
335.2	-2.24110
335.3	-2.24670
335.4	-2.25250
335.5	-2.25870
335.6	-2.26460
335.7	-2.27020
335.8	-2.27580
335.9	-2.28160
336.0	-2.28740
336.1	-2.29310
336.2	-2.29870
336.3	-2.30400
336.4	-2.30940
336.5	-2.31500
336.6	-2.32090
336.7	-2.32640
336.8	-2.33160
336.9	-2.33670
337.0	-2.34230
337.1	-2.34780
337.2	-2.35320
337.3	-2.35840
337.4	-2.36370
337.5	-2.36900
337.6	-2.37440
337.7	-2.37970
337.8	-2.38490
337.9	-2.38970
338.0	-2.39460
338.1	-2.40000
338.2	-2.40540
338.3	-2.41030
338.4	-2.41500
338.5	-2.41990
338.6	-2.42500
338.7	-2.43000
338.8	-2.43490
338.9	-2.43960
339.0	-2.44430
339.1	-2.44900
339.2	-2.45400
339.3	-2.45900
339.4	-2.46350
339.5	-2.46790
339.6	-2.47240
339.7	-2.47720
339.8	-2.48190
339.9	-2.48630
340.0	-2.49060
340.1	-2.49500
340.2	-2.49950
340.3	-2.50400
340.4	-2.50840
340.5	-2.51250
340.6	-2.51650
340.7	-2.52080
340.8	-2.52530
340.9	-2.52960
341.0	-2.53360
341.1	-2.53750
341.2	-2.54160
341.3	-2.54580
341.4	-2.54990
341.5	-2.55390
341.6	-2.55780
341.7	-2.56160
341.8	-2.56560
341.9	-2.56980
342.0	-2.57370
342.1	-2.57710
342.2	-2.58060
342.3	-2.58450
342.4	-2.58840
342.5	-2.59210
342.6	-2.59560
342.7	-2.59910
342.8	-2.60260
342.9	-2.60620
343.0	-2.60990
343.1	-2.61340
343.2	-2.61650
343.3	-2.61980
343.4	-2.62340
343.5	-2.62710
343.6	-2.63040
343.7	-2.63340
343.8	-2.63650
343.9	-2.63980
344.0	-2.64310
344.1	-2.64650
344.2	-2.64970
344.3	-2.65260
344.4	-2.65550
344.5	-2.65870
344.6	-2.66180
344.7	-2.66460
344.8	-2.66720
344.9	-2.66990
345.0	-2.67300
345.1	-2.67610
345.2	-2.67890
345.3	-2.68160
345.4	-2.68410
345.5	-2.68670
345.6	-2.68960
345.7	-2.69230
345.8	-2.69480
345.9	-2.69710
346.0	-2.69970
346.1	-2.70250
346.2	-2.70510
346.3	-2.70730
346.4	-2.70940
346.5	-2.71160
346.6	-2.71390
346.7	-2.71640
346.8	-2.71880
346.9	-2.72090
347.0	-2.72290
347.1	-2.72500
347.2	-2.72730
347.3	-2.72930
347.4	-2.73110
347.5	-2.73290
347.6	-2.73500
347.7	-2.73720
347.8	-2.73920
347.9	-2.74110
348.0	-2.74280
348.1	-2.74430
348.2	-2.74600
348.3	-2.74810
348.4	-2.74990
348.5	-2.75140
348.6	-2.75290
348.7	-2.75470
348.8	-2.75650
348.9	-2.75800
349.0	-2.75930
349.1	-2.76050
349.2	-2.76190
349.3	-2.76370
349.4	-2.76540
349.5	-2.76680
349.6	-2.76780
349.7	-2.76880
349.8	-2.77030
349.9	-2.77170
350.0	-2.77280
350.1	-2.77380
350.2	-2.77500
350.3	-2.77620
350.4	-2.77760
350.5	-2.77870
350.6	-2.77950
350.7	-2.78000
350.8	-2.78080
350.9	-2.78210
351.0	-2.78330
351.1	-2.78410
351.2	-2.78450
351.3	-2.78520
351.4	-2.78610
351.5	-2.78690
351.6	-2.78750
351.7	-2.78790
351.8	-2.78840
351.9	-2.78920
352.0	-2.79020
352.1	-2.79080
352.2	-2.79090
352.3	-2.79080
352.4	-2.79120
352.5	-2.79200
352.6	-2.79260
352.7	-2.79280
352.8	-2.79290
352.9	-2.79310
353.0	-2.79350
353.1	-2.79380
353.2	-2.79370
353.3	-2.79350
353.4	-2.79340
353.5	-2.79370
353.6	-2.79410
353.7	-2.79420
353.8	-2.79380
353.9	-2.79340
354.0	-2.79330
354.1	-2.79330
354.2	-2.79320
354.3	-2.79280
354.4	-2.79240
354.5	-2.79210
354.6	-2.79200
354.7	-2.79170
354.8	-2.79110
354.9	-2.79030
355.0	-2.78960
355.1	-2.78940
355.2	-2.78930
355.3	-2.78880
355.4	-2.78790
355.5	-2.78700
355.6	-2.78640
355.7	-2.78580
355.8	-2.78510
355.9	-2.78410
356.0	-2.78330
356.1	-2.78260
356.2	-2.78210
356.3	-2.78140
356.4	-2.78030
356.5	-2.77890
356.6	-2.77770
356.7	-2.77700
356.8	-2.77630
356.9	-2.77530
357.0	-2.77400
357.1	-2.77270
357.2	-2.77160
357.3	-2.77050
357.4	-2.76930
357.5	-2.76770
357.6	-2.76620
357.7	-2.76500
357.8	-2.76410
357.9	-2.76290
358.0	-2.76120
358.1	-2.75940
358.2	-2.75770
358.3	-2.75630
358.4	-2.75500
358.5	-2.75340
358.6	-2.75170
358.7	-2.74990
358.8	-2.74830
358.9	-2.74670
359.0	-2.74490
359.1	-2.74270
359.2	-2.74050
359.3	-2.73880
359.4	-2.73730
359.5	-2.73570
359.6	-2.73360
359.7	-2.73130
359.8	-2.72910
359.9	-2.72710
360.0	-2.72520
360.1	-2.72310
360.2	-2.72070
360.3	-2.71850
360.4	-2.71650
360.5	-2.71450
360.6	-2.71200
360.7	-2.70930
360.8	-2.70670
360.9	-2.70440
361.0	-2.70240
361.1	-2.70020
361.2	-2.69770
361.3	-2.69490
361.4	-2.69220
361.5	-2.68980
361.6	-2.68740
361.7	-2.68460
361.8	-2.68180
361.9	-2.67920
362.0	-2.67680
362.1	-2.67430
362.2	-2.67150
362.3	-2.66840
362.4	-2.66520
362.5	-2.66240
362.6	-2.65990
362.7	-2.65720
362.8	-2.65420
362.9	-2.65090
363.0	-2.64790
363.1	-2.64500
363.2	-2.64200
363.3	-2.63870
363.4	-2.63540
363.5	-2.63220
363.6	-2.62920
363.7	-2.62630
363.8	-2.62310
363.9	-2.61940
364.0	-2.61570
364.1	-2.61230
364.2	-2.60920
364.3	-2.60590
364.4	-2.60220
364.5	-2.59840
364.6	-2.59490
364.7	-2.59160
364.8	-2.58800
364.9	-2.58420
365.0	-2.58020
365.1	-2.57650
365.2	-2.57300
365.3	-2.56960
365.4	-2.56590
365.5	-2.56180
365.6	-2.55770
365.7	-2.55400
365.8	-2.55030
365.9	-2.54640
366.0	-2.54230
366.1	-2.53810
366.2	-2.53420
366.3	-2.53050
366.4	-2.52660
366.5	-2.52230
366.6	-2.51770
366.7	-2.51340
366.8	-2.50950
366.9	-2.50560
367.0	-2.50140
367.1	-2.49690
367.2	-2.49240
367.3	-2.48820
367.4	-2.48410
367.5	-2.47970
367.6	-2.47500
367.7	-2.47030
367.8	-2.46600
367.9	-2.46180
368.0	-2.45750
368.1	-2.45270
368.2	-2.44780
368.3	-2.44310
368.4	-2.43870
368.5	-2.43430
368.6	-2.42960
368.7	-2.42470
368.8	-2.41990
368.9	-2.41530
369.0	-2.41070
369.1	-2.40580
369.2	-2.40070
369.3	-2.39560
369.4	-2.39080
369.5	-2.38630
369.6	-2.38140
369.7	-2.37620
369.8	-2.37090
369.9	-2.36580
370.0	-2.36100
370.1	-2.35610
370.2	-2.35080
370.3	-2.34540
370.4	-2.34010
370.5	-2.33510
370.6	-2.33010
370.7	-2.32480
370.8	-2.31910
370.9	-2.31360
371.0	-2.30840
371.1	-2.30340
371.2	-2.29810
371.3	-2.29250
371.4	-2.28670
371.5	-2.28120
371.6	-2.27600
371.7	-2.27060
371.8	-2.26490
371.9	-2.25900
372.0	-2.25340
372.1	-2.24790
372.2	-2.24250
372.3	-2.23670
372.4	-2.23070
372.5	-2.22470
372.6	-2.21900
372.7	-2.21350
372.8	-2.20780
372.9	-2.20170
373.0	-2.19560
373.1	-2.18980
373.2	-2.18410
373.3	-2.17820
373.4	-2.17220
373.5	-2.16600
373.6	-2.16000
373.7	-2.15420
373.8	-2.14840
373.9	-2.14240
374.0	-2.13600
374.1	-2.12960
374.2	-2.12360
374.3	-2.11770
374.4	-2.11160
374.5	-2.10500
374.6	-2.09850
374.7	-2.09230
374.8	-2.08620
374.9	-2.08000
375.0	-2.07350
375.1	-2.06680
375.2	-2.06030
375.3	-2.05410
375.4	-2.04780
375.5	-2.04130
375.6	-2.03460
375.7	-2.02800
375.8	-2.02170
375.9	-2.01530
376.0	-2.00870
376.1	-2.00190
376.2	-1.99500
376.3	-1.98840
376.4	-1.98200
376.5	-1.97540
376.6	-1.96850
376.7	-1.96150
376.8	-1.95470
376.9	-1.94810
377.0	-1.94150
377.1	-1.93450
377.2	-1.92740
377.3	-1.92040
377.4	-1.91360
377.5	-1.90690
377.6	-1.89990
377.7	-1.89280
377.8	-1.88570
377.9	-1.87880
378.0	-1.87200
378.1	-1.86500
378.2	-1.85780
378.3	-1.85050
378.4	-1.84330
378.5	-1.83620
378.6	-1.82920
378.7	-1.82200
378.8	-1.81460
378.9	-1.80720
379.0	-1.80020
379.1	-1.79320
379.2	-1.78590
379.3	-1.77840
379.4	-1.77090
379.5	-1.76360
379.6	-1.75640
379.7	-1.74910
379.8	-1.74160
379.9	-1.73400
380.0	-1.72640
380.1	-1.71920
380.2	-1.71190
380.3	-1.70430
380.4	-1.69650
380.5	-1.68880
380.6	-1.68140
380.7	-1.67400
380.8	-1.66620
380.9	-1.65840
381.0	-1.65060
381.1	-1.64300
381.2	-1.63540
381.3	-1.62790
381.4	-1.62010
381.5	-1.61220
381.6	-1.60440
381.7	-1.59680
381.8	-1.58910
381.9	-1.58120
382.0	-1.57330
382.1	-1.56540
382.2	-1.55760
382.3	-1.54970
382.4	-1.54190
382.5	-1.53380
382.6	-1.52560
382.7	-1.51760
382.8	-1.50990
382.9	-1.50210
383.0	-1.49380
383.1	-1.48540
383.2	-1.47740
383.3	-1.46950
383.4	-1.46140
383.5	-1.45320
383.6	-1.44500
383.7	-1.43670
383.8	-1.42850
383.9	-1.42050
384.0	-1.41240
384.1	-1.40390
384.2	-1.39530
384.3	-1.38710
384.4	-1.37910
384.5	-1.37070
384.6	-1.36220
384.7	-1.35380
384.8	-1.34550
384.9	-1.33710
385.0	-1.32880
385.1	-1.32040
385.2	-1.31180
385.3	-1.30320
385.4	-1.29500
385.5	-1.28680
385.6	-1.27840
385.7	-1.26970
385.8	-1.26110
385.9	-1.25280
386.0	-1.24430
386.1	-1.23580
386.2	-1.22720
386.3	-1.21860
386.4	-1.21000
386.5	-1.20170
386.6	-1.19330
386.7	-1.18460
386.8	-1.17570
386.9	-1.16700
387.0	-1.15860
387.1	-1.15010
387.2	-1.14130
387.3	-1.13260
387.4	-1.12380
387.5	-1.11510
387.6	-1.10650
387.7	-1.09780
387.8	-1.08890
387.9	-1.07990
388.0	-1.07110
388.1	-1.06260
388.2	-1.05390
388.3	-1.04490
388.4	-1.03580
388.5	-1.02700
388.6	-1.01830
388.7	-1.00950
388.8	-1.00070
388.9	-0.99170
389.0	-0.98260
389.1	-0.97380
389.2	-0.96520
389.3	-0.95630
389.4	-0.94700
389.5	-0.93790
389.6	-0.92900
389.7	-0.92020
389.8	-0.91110
389.9	-0.90200
390.0	-0.89280
390.1	-0.88370
390.2	-0.87470
390.3	-0.86580
390.4	-0.85680
390.5	-0.84750
390.6	-0.83820
390.7	-0.82930
390.8	-0.82050
390.9	-0.81130
391.0	-0.80200
391.1	-0.79280
391.2	-0.78380
391.3	-0.77470
391.4	-0.76570
391.5	-0.75640
391.6	-0.74700
391.7	-0.73760
391.8	-0.72850
391.9	-0.71950
392.0	-0.71020
392.1	-0.70080
392.2	-0.69150
392.3	-0.68240
392.4	-0.67330
392.5	-0.66400
392.6	-0.65450
392.7	-0.64510
392.8	-0.63590
392.9	-0.62690
393.0	-0.61770
393.1	-0.60820
393.2	-0.59860
393.3	-0.58920
393.4	-0.58010
393.5	-0.57090
393.6	-0.56150
393.7	-0.55200
393.8	-0.54260
393.9	-0.53340
394.0	-0.52410
394.1	-0.51480
394.2	-0.50520
394.3	-0.49560
394.4	-0.48630
394.5	-0.47720
394.6	-0.46790
394.7	-0.45820
394.8	-0.44850
394.9	-0.43910
395.0	-0.42980
395.1	-0.42040
395.2	-0.41090
395.3	-0.40130
395.4	-0.39180
395.5	-0.38250
395.6	-0.37330
395.7	-0.36370
395.8	-0.35390
395.9	-0.34430
396.0	-0.33490
396.1	-0.32560
396.2	-0.31620
396.3	-0.30660
396.4	-0.29690
396.5	-0.28740
396.6	-0.27800
396.7	-0.26860
396.8	-0.25900
396.9	-0.24930
397.0	-0.23970
397.1	-0.23050
397.2	-0.22110
397.3	-0.21150
397.4	-0.20170
397.5	-0.19200
397.6	-0.18250
397.7	-0.17320
397.8	-0.16370
397.9	-0.15400
398.0	-0.14430
398.1	-0.13470
398.2	-0.12540
398.3	-0.11590
398.4	-0.10610
398.5	-0.09630
398.6	-0.08670
398.7	-0.07730
398.8	-0.06790
398.9	-0.05820
399.0	-0.04850
399.1	-0.03870
399.2	-0.02910
399.3	-0.01980
399.4	-0.01030
399.5	-0.00050
399.6	0.00930
399.7	0.01880
399.8	0.02810
399.9	0.03770
400.0	0.04750
400.1	0.05730
400.2	0.06690
400.3	0.07630
400.4	0.08570
400.5	0.09530
400.6	0.10520
400.7	0.11490
400.8	0.12450
400.9	0.13390
401.0	0.14360
401.1	0.15340
401.2	0.16310
401.3	0.17260
401.4	0.18200
401.5	0.19160
401.6	0.20130
401.7	0.21110
401.8	0.22080
401.9	0.23020
402.0	0.23960
402.1	0.24920
402.2	0.25900
402.3	0.26870
402.4	0.27820
402.5	0.28770
402.6	0.29740
402.7	0.30710
402.8	0.31680
402.9	0.32630
403.0	0.33570
403.1	0.34510
403.2	0.35480
403.3	0.36460
403.4	0.37410
403.5	0.38350
403.6	0.39290
403.7	0.40260
403.8	0.41230
403.9	0.42190
404.0	0.43140
404.1	0.44080
404.2	0.45040
404.3	0.46010
404.4	0.46990
404.5	0.47930
404.6	0.48860
404.7	0.49800
404.8	0.50770
404.9	0.51740
405.0	0.52680
405.1	0.53610
405.2	0.54550
405.3	0.55500
405.4	0.56460
405.5	0.57420
405.6	0.58350
405.7	0.59280
405.8	0.60220
405.9	0.61190
406.0	0.62150
406.1	0.63080
406.2	0.63990
406.3	0.64930
406.4	0.65890
406.5	0.66840
406.6	0.67780
406.7	0.68710
406.8	0.69630
406.9	0.70580
407.0	0.71540
407.1	0.72480
407.2	0.73400
407.3	0.74310
407.4	0.75250
407.5	0.76220
407.6	0.77170
407.7	0.78090
407.8	0.79000
407.9	0.79930
408.0	0.80880
408.1	0.81830
408.2	0.82760
408.3	0.83680
408.4	0.84590
408.5	0.85530
408.6	0.86480
408.7	0.87400
408.8	0.88300
408.9	0.89200
409.0	0.90130
409.1	0.91070
409.2	0.92000
409.3	0.92900
409.4	0.93800
409.5	0.94710
