0,0	1,41470
0,1	1,43320
0,2	1,44380
0,3	1,45170
0,4	1,45460
0,5	1,44030
0,6	1,39830
0,7	1,33920
0,8	1,28740
0,9	1,25350
1,0	1,22440
1,1	1,18000
1,2	1,11840
1,3	1,05920
1,4	1,01970
1,5	0,99220
1,6	0,95450
1,7	0,89750
1,8	0,83530
1,9	0,78990
2,0	0,76140
2,1	0,72840
2,2	0,67650
2,3	0,61360
2,4	0,56190
2,5	0,52910
2,6	0,50010
2,7	0,45480
2,8	0,39230
2,9	0,33430
3,0	0,29720
3,1	0,27120
3,2	0,24080
3,3	0,22110
3,4	0,21940
3,5	0,22130
3,6	0,22910
3,7	0,24970
3,8	0,28120
3,9	0,31260
4,0	0,33720
4,1	0,36010
4,2	0,39040
4,3	0,42830
4,4	0,46290
4,5	0,48490
4,6	0,49930
4,7	0,52100
4,8	0,55730
4,9	0,59920
5,0	0,63240
5,1	0,65290
5,2	0,67100
5,3	0,69810
5,4	0,73260
5,5	0,76440
5,6	0,78930
5,7	0,81230
5,8	0,84230
5,9	0,87940
6,0	0,91290
6,1	0,93520
6,2	0,95130
6,3	0,97410
6,4	1,00990
6,5	1,05050
6,6	1,08360
6,7	1,10580
6,8	1,12480
6,9	1,15170
7,0	1,18590
7,1	1,21770
7,2	1,24210
7,3	1,26450
7,4	1,29500
7,5	1,33330
7,6	1,36760
7,7	1,38990
7,8	1,40650
7,9	1,42510
8,0	1,44030
8,1	1,45020
8,2	1,45700
8,3	1,45490
8,4	1,44170
8,5	1,42480
8,6	1,41280
8,7	1,40700
8,8	1,40080
8,9	1,38870
9,0	1,37310
9,1	1,35950
9,2	1,35100
9,3	1,34320
9,4	1,32980
9,5	1,31240
9,6	1,29810
9,7	1,29150
9,8	1,28920
9,9	1,28060
10,0	1,26240
10,1	1,24220
10,2	1,22830
10,3	1,22100
10,4	1,21420
10,5	1,20180
10,6	1,18580
10,7	1,17310
10,8	1,16540
10,9	1,15730
11,0	1,14280
11,1	1,12440
11,2	1,11030
11,3	1,10370
11,4	1,10060
11,5	1,09250
11,6	1,07540
11,7	1,05580
11,8	1,04190
11,9	1,03480
12,0	1,02700
12,1	1,01400
12,2	0,99930
12,3	0,98890
12,4	0,98270
12,5	0,97400
12,6	0,95790
12,7	0,93780
12,8	0,92220
12,9	0,91620
13,0	0,91360
13,1	0,90470
13,2	0,88750
13,3	0,86850
13,4	0,85490
13,5	0,84710
13,6	0,83920
13,7	0,82660
13,8	0,81130
13,9	0,80050
14,0	0,79460
14,1	0,78540
14,2	0,76920
14,3	0,75010
14,4	0,73480
14,5	0,72790
14,6	0,72510
14,7	0,71600
14,8	0,69870
14,9	0,68150
15,0	0,66990
15,1	0,66140
15,2	0,65100
15,3	0,63750
15,4	0,62320
15,5	0,61220
15,6	0,60540
15,7	0,59700
15,8	0,58040
15,9	0,55950
16,0	0,54530
16,1	0,53980
16,2	0,53560
16,3	0,52670
16,4	0,51120
16,5	0,49320
16,6	0,48070
16,7	0,47370
16,8	0,46410
16,9	0,44870
17,0	0,43400
17,1	0,42450
17,2	0,41780
17,3	0,40750
17,4	0,39110
17,5	0,37150
17,6	0,35660
17,7	0,35160
17,8	0,34950
17,9	0,33850
18,0	0,31950
18,1	0,30270
18,2	0,29110
18,3	0,28240
18,4	0,27260
18,5	0,25820
18,6	0,24290
18,7	0,23340
18,8	0,22850
18,9	0,21930
19,0	0,20350
19,1	0,19430
19,2	0,19700
19,3	0,20250
19,4	0,20660
19,5	0,20950
19,6	0,21280
19,7	0,21810
19,8	0,22570
19,9	0,23280
20,0	0,23770
20,1	0,24420
20,2	0,25490
20,3	0,26490
20,4	0,27000
20,5	0,27230
20,6	0,27570
20,7	0,28240
20,8	0,29200
20,9	0,30210
21,0	0,30870
21,1	0,31230
21,2	0,31810
21,3	0,32670
21,4	0,33360
21,5	0,33890
21,6	0,34450
21,7	0,35100
21,8	0,35970
21,9	0,36920
22,0	0,37530
22,1	0,37690
22,2	0,37980
22,3	0,38800
22,4	0,39790
22,5	0,40540
22,6	0,41230
22,7	0,41940
22,8	0,42450
22,9	0,43040
23,0	0,43730
23,1	0,44150
23,2	0,44490
23,3	0,45320
23,4	0,46380
23,5	0,47190
23,6	0,47670
23,7	0,47970
23,8	0,48330
23,9	0,49040
24,0	0,50090
24,1	0,50940
24,2	0,51380
24,3	0,51820
24,4	0,52540
24,5	0,53250
24,6	0,53750
24,7	0,54210
24,8	0,54740
24,9	0,55420
25,0	0,56450
25,1	0,57470
25,2	0,58020
25,3	0,58290
25,4	0,58640
25,5	0,59300
25,6	0,60150
25,7	0,61040
25,8	0,61730
25,9	0,62100
26,0	0,62590
26,1	0,63370
26,2	0,64000
26,3	0,64290
26,4	0,64780
26,5	0,65560
26,6	0,66380
26,7	0,67190
26,8	0,67790
26,9	0,68020
27,0	0,68220
27,1	0,68950
27,2	0,69950
27,3	0,70670
27,4	0,71140
27,5	0,71670
27,6	0,72420
27,7	0,73190
27,8	0,73850
27,9	0,74270
28,0	0,74490
28,1	0,75070
28,2	0,76160
28,3	0,77160
28,4	0,77660
28,5	0,77880
28,6	0,78210
28,7	0,78840
28,8	0,79710
28,9	0,80640
29,0	0,81240
29,1	0,81580
29,2	0,82100
29,3	0,82820
29,4	0,83310
29,5	0,83570
29,6	0,83990
29,7	0,84650
29,8	0,85490
29,9	0,86370
30,0	0,86910
30,1	0,87040
30,2	0,87370
30,3	0,88230
30,4	0,89110
30,5	0,89630
30,6	0,90020
30,7	0,90530
30,8	0,91150
30,9	0,91870
31,0	0,92500
31,1	0,92790
31,2	0,93000
31,3	0,93700
31,4	0,94770
31,5	0,95510
31,6	0,95840
31,7	0,96250
31,8	0,96810
31,9	0,97430
32,0	0,98140
32,1	0,98720
32,2	0,99050
32,3	0,99480
32,4	1,00230
32,5	1,00970
32,6	1,01400
32,7	1,01650
32,8	1,01990
32,9	1,02660
33,0	1,03670
33,1	1,04590
33,2	1,05010
33,3	1,05220
33,4	1,05600
33,5	1,06230
33,6	1,06850
33,7	1,07270
33,8	1,07680
33,9	1,08240
34,0	1,08980
34,1	1,09720
34,2	1,10130
34,3	1,10240
34,4	1,10500
34,5	1,11300
34,6	1,12240
34,7	1,12900
34,8	1,13280
34,9	1,13430
35,0	1,13760
35,1	1,14490
35,2	1,15230
35,3	1,15600
35,4	1,15810
35,5	1,16310
35,6	1,17060
35,7	1,17760
35,8	1,18250
35,9	1,18520
36,0	1,18770
36,1	1,19460
36,2	1,20420
36,3	1,21030
36,4	1,21240
36,5	1,21460
36,6	1,21940
36,7	1,22600
36,8	1,23240
36,9	1,23700
37,0	1,23970
37,1	1,24430
37,2	1,25230
37,3	1,26010
37,4	1,26380
37,5	1,26520
37,6	1,26840
37,7	1,27530
37,8	1,28330
37,9	1,28980
38,0	1,29280
38,1	1,29340
38,2	1,29700
38,3	1,30410
38,4	1,31050
38,5	1,31420
38,6	1,31680
38,7	1,32070
38,8	1,32720
38,9	1,33470
39,0	1,33970
39,1	1,34060
39,2	1,34200
39,3	1,34940
39,4	1,35820
39,5	1,36370
39,6	1,36680
39,7	1,36820
39,8	1,37110
39,9	1,37700
40,0	1,38360
40,1	1,38730
40,2	1,38870
40,3	1,39320
40,4	1,40000
40,5	1,40620
40,6	1,41000
40,7	1,41100
40,8	1,41290
40,9	1,41820
41,0	1,42720
41,1	1,43490
41,2	1,43770
41,3	1,43950
41,4	1,44320
41,5	1,44810
41,6	1,45300
41,7	1,45580
41,8	1,45710
41,9	1,45930
42,0	1,46070
42,1	1,45970
42,2	1,45800
42,3	1,45500
42,4	1,45090
42,5	1,44650
42,6	1,44270
42,7	1,44040
42,8	1,43600
42,9	1,42890
43,0	1,42170
43,1	1,41610
43,2	1,41240
43,3	1,41010
43,4	1,40640
43,5	1,39970
43,6	1,39260
43,7	1,38840
43,8	1,38510
43,9	1,37990
44,0	1,37450
44,1	1,37010
44,2	1,36620
44,3	1,36250
44,4	1,35810
44,5	1,35170
44,6	1,34370
44,7	1,33700
44,8	1,33330
44,9	1,33010
45,0	1,32510
45,1	1,31920
45,2	1,31340
45,3	1,30850
45,4	1,30500
45,5	1,30140
45,6	1,29610
45,7	1,28900
45,8	1,28410
45,9	1,28170
46,0	1,27720
46,1	1,27030
46,2	1,26270
46,3	1,25620
46,4	1,25250
46,5	1,24920
46,6	1,24330
46,7	1,23580
46,8	1,22950
46,9	1,22560
47,0	1,22170
47,1	1,21650
47,2	1,21000
47,3	1,20310
47,4	1,19820
47,5	1,19500
47,6	1,19090
47,7	1,18400
47,8	1,17580
47,9	1,16970
48,0	1,16590
48,1	1,16190
48,2	1,15620
48,3	1,14990
48,4	1,14410
48,5	1,13980
48,6	1,13690
48,7	1,13170
48,8	1,12370
48,9	1,11620
49,0	1,11100
49,1	1,10770
49,2	1,10380
49,3	1,09820
49,4	1,09050
49,5	1,08350
49,6	1,07980
49,7	1,07570
49,8	1,06920
49,9	1,06290
50,0	1,05900
50,1	1,05590
50,2	1,05070
50,3	1,04340
50,4	1,03490
50,5	1,02710
50,6	1,02270
50,7	1,01940
50,8	1,01390
50,9	1,00670
51,0	0,99970
51,1	0,99450
51,2	0,99000
51,3	0,98530
51,4	0,98010
51,5	0,97300
51,6	0,96630
51,7	0,96210
51,8	0,95740
51,9	0,95010
52,0	0,94190
52,1	0,93540
52,2	0,93060
52,3	0,92620
52,4	0,92110
52,5	0,91460
52,6	0,90800
52,7	0,90330
52,8	0,89990
52,9	0,89450
53,0	0,88680
53,1	0,87930
53,2	0,87330
53,3	0,86780
53,4	0,86260
53,5	0,85620
53,6	0,84830
53,7	0,84090
53,8	0,83590
53,9	0,83220
54,0	0,82790
54,1	0,82100
54,2	0,81300
54,3	0,80740
54,4	0,80270
54,5	0,79700
54,6	0,79100
54,7	0,78470
54,8	0,77860
54,9	0,77380
55,0	0,76850
55,1	0,76110
55,2	0,75370
55,3	0,74860
55,4	0,74480
55,5	0,73980
55,6	0,73310
55,7	0,72560
55,8	0,71760
55,9	0,71110
56,0	0,70630
56,1	0,70050
56,2	0,69340
56,3	0,68610
56,4	0,67960
56,5	0,67480
56,6	0,67100
56,7	0,66530
56,8	0,65680
56,9	0,64870
57,0	0,64300
57,1	0,63870
57,2	0,63360
57,3	0,62650
57,4	0,61870
57,5	0,61260
57,6	0,60800
57,7	0,60270
57,8	0,59600
57,9	0,58870
58,0	0,58310
58,1	0,57880
58,2	0,57320
58,3	0,56520
58,4	0,55640
58,5	0,54890
58,6	0,54360
58,7	0,53960
58,8	0,53380
58,9	0,52560
59,0	0,51810
59,1	0,51340
59,2	0,50970
59,3	0,50350
59,4	0,49500
59,5	0,48760
59,6	0,48200
59,7	0,47730
59,8	0,47320
59,9	0,46670
60,0	0,45750
60,1	0,45000
60,2	0,44540
60,3	0,44020
60,4	0,43420
60,5	0,42730
60,6	0,42030
60,7	0,41470
60,8	0,40920
60,9	0,40270
61,0	0,39470
61,1	0,38680
61,2	0,38100
61,3	0,37650
61,4	0,37090
61,5	0,36390
61,6	0,35730
61,7	0,35040
61,8	0,34410
61,9	0,33890
62,0	0,33190
62,1	0,32320
62,2	0,31580
62,3	0,31110
62,4	0,30650
62,5	0,29980
62,6	0,29150
62,7	0,28400
62,8	0,27910
62,9	0,27600
63,0	0,27090
63,1	0,26220
63,2	0,25330
63,3	0,24690
63,4	0,24190
63,5	0,23630
63,6	0,22880
63,7	0,22070
63,8	0,21390
63,9	0,20890
64,0	0,20440
64,1	0,19850
64,2	0,19200
64,3	0,18960
64,4	0,19170
64,5	0,19270
64,6	0,19130
64,7	0,18990
64,8	0,19090
64,9	0,19280
65,0	0,19430
65,1	0,19500
65,2	0,19500
65,3	0,19560
65,4	0,19770
65,5	0,19990
65,6	0,20030
65,7	0,19930
65,8	0,19880
65,9	0,20080
66,0	0,20470
66,1	0,20690
66,2	0,20610
66,3	0,20490
66,4	0,20580
66,5	0,20880
66,6	0,21160
66,7	0,21230
66,8	0,21100
66,9	0,21080
67,0	0,21380
67,1	0,21740
67,2	0,21830
67,3	0,21690
67,4	0,21620
67,5	0,21760
67,6	0,22170
67,7	0,22490
67,8	0,22430
67,9	0,22270
68,0	0,22350
68,1	0,22680
68,2	0,23000
68,3	0,23070
68,4	0,22920
68,5	0,22900
68,6	0,23210
68,7	0,23570
68,8	0,23650
68,9	0,23500
69,0	0,23410
69,1	0,23640
69,2	0,24050
69,3	0,24270
69,4	0,24180
69,5	0,23930
69,6	0,23990
69,7	0,24430
69,8	0,24750
69,9	0,24730
70,0	0,24600
70,1	0,24660
70,2	0,24960
70,3	0,25260
70,4	0,25350
70,5	0,25160
70,6	0,24990
70,7	0,25210
70,8	0,25650
70,9	0,25880
71,0	0,25790
71,1	0,25670
71,2	0,25780
71,3	0,26220
71,4	0,26640
71,5	0,26620
71,6	0,26310
71,7	0,26320
71,8	0,26680
71,9	0,27010
72,0	0,27160
72,1	0,27070
72,2	0,26910
72,3	0,27000
72,4	0,27300
72,5	0,27510
72,6	0,27460
72,7	0,27330
72,8	0,27330
72,9	0,27580
73,0	0,27860
73,1	0,27840
73,2	0,27640
73,3	0,27570
73,4	0,27780
73,5	0,28110
73,6	0,28190
73,7	0,27980
73,8	0,27850
73,9	0,28050
74,0	0,28460
74,1	0,28700
74,2	0,28560
74,3	0,28300
74,4	0,28290
74,5	0,28660
74,6	0,29050
74,7	0,29050
74,8	0,28780
74,9	0,28700
75,0	0,28990
75,1	0,29380
75,2	0,29530
75,3	0,29320
75,4	0,29070
75,5	0,29240
75,6	0,29670
75,7	0,29920
75,8	0,29790
75,9	0,29550
76,0	0,29590
76,1	0,29910
76,2	0,30200
76,3	0,30210
76,4	0,29950
76,5	0,29830
76,6	0,30140
76,7	0,30610
76,8	0,30730
76,9	0,30450
77,0	0,30220
77,1	0,30380
77,2	0,30770
77,3	0,31000
77,4	0,30830
77,5	0,30540
77,6	0,30590
77,7	0,30990
77,8	0,31350
77,9	0,31240
78,0	0,30890
78,1	0,30830
78,2	0,31150
78,3	0,31560
78,4	0,31670
78,5	0,31390
78,6	0,31120
78,7	0,31290
78,8	0,31750
78,9	0,31910
79,0	0,31670
79,1	0,31430
79,2	0,31520
79,3	0,31870
79,4	0,32140
79,5	0,32040
79,6	0,31700
79,7	0,31600
79,8	0,32000
79,9	0,32500
80,0	0,32520
80,1	0,32170
80,2	0,31990
80,3	0,32200
80,4	0,32580
80,5	0,32770
80,6	0,32520
80,7	0,32180
80,8	0,32280
80,9	0,32740
81,0	0,32970
81,1	0,32790
81,2	0,32540
81,3	0,32520
81,4	0,32800
81,5	0,33130
81,6	0,33160
81,7	0,32820
81,8	0,32550
81,9	0,32820
82,0	0,33270
82,1	0,33350
82,2	0,33070
82,3	0,32850
82,4	0,32940
82,5	0,33310
82,6	0,33670
82,7	0,33520
82,8	0,33080
82,9	0,33030
83,0	0,33540
83,1	0,34000
83,2	0,33850
83,3	0,33460
83,4	0,33260
83,5	0,33410
83,6	0,33830
83,7	0,34070
83,8	0,33800
83,9	0,33450
84,0	0,33640
84,1	0,34200
84,2	0,34320
84,3	0,33970
84,4	0,33600
84,5	0,33490
84,6	0,33870
84,7	0,34420
84,8	0,34430
84,9	0,33910
85,0	0,33680
85,1	0,34080
85,2	0,34480
85,3	0,34450
85,4	0,34230
85,5	0,33970
85,6	0,33970
85,7	0,34390
85,8	0,34690
85,9	0,34370
86,0	0,33890
86,1	0,34060
86,2	0,34550
86,3	0,34810
86,4	0,34830
86,5	0,34570
86,6	0,34100
86,7	0,34110
86,8	0,34580
86,9	0,34720
87,0	0,34310
87,1	0,34120
87,2	0,34490
87,3	0,34810
87,4	0,34880
87,5	0,34710
87,6	0,34280
87,7	0,34110
87,8	0,34490
87,9	0,34910
88,0	0,34840
88,1	0,34400
88,2	0,34350
88,3	0,34670
88,4	0,34880
88,5	0,34980
88,6	0,34850
88,7	0,34500
88,8	0,34500
88,9	0,34870
89,0	0,35010
89,1	0,34560
89,2	0,34050
89,3	0,34190
89,4	0,34600
89,5	0,34860
89,6	0,34980
89,7	0,34680
89,8	0,34230
89,9	0,34300
90,0	0,34680
90,1	0,34720
90,2	0,34350
90,3	0,34230
90,4	0,34530
90,5	0,34810
90,6	0,34930
90,7	0,34660
90,8	0,34100
90,9	0,34010
91,0	0,34450
91,1	0,34810
91,2	0,34690
91,3	0,34300
91,4	0,34250
91,5	0,34440
91,6	0,34650
91,7	0,34680
91,8	0,34330
91,9	0,34050
92,0	0,34320
92,1	0,34740
92,2	0,34690
92,3	0,34210
92,4	0,33830
92,5	0,33930
92,6	0,34340
92,7	0,34670
92,8	0,34570
92,9	0,34100
93,0	0,33940
93,1	0,34300
93,2	0,34530
93,3	0,34240
93,4	0,33850
93,5	0,33870
93,6	0,34240
93,7	0,34590
93,8	0,34530
93,9	0,34010
94,0	0,33530
94,1	0,33730
94,2	0,34290
94,3	0,34320
94,4	0,33930
94,5	0,33640
94,6	0,33570
94,7	0,33690
94,8	0,33830
94,9	0,33680
95,0	0,33320
95,1	0,33230
95,2	0,33650
95,3	0,34010
95,4	0,33800
95,5	0,33360
95,6	0,33080
95,7	0,33130
95,8	0,33430
95,9	0,33630
96,0	0,33390
96,1	0,33010
96,2	0,32950
96,3	0,33140
96,4	0,33170
96,5	0,32910
96,6	0,32620
96,7	0,32630
96,8	0,32910
96,9	0,33170
97,0	0,33070
97,1	0,32590
97,2	0,32280
97,3	0,32450
97,4	0,32760
97,5	0,32800
97,6	0,32550
97,7	0,32280
97,8	0,32210
97,9	0,32390
98,0	0,32460
98,1	0,32160
98,2	0,31850
98,3	0,31930
98,4	0,32300
98,5	0,32460
98,6	0,32220
98,7	0,31780
98,8	0,31480
98,9	0,31610
99,0	0,31970
99,1	0,32020
99,2	0,31640
99,3	0,31360
99,4	0,31460
99,5	0,31660
99,6	0,31630
99,7	0,31330
99,8	0,31030
99,9	0,31030
100,0	0,31390
100,1	0,31610
100,2	0,31270
100,3	0,30760
100,4	0,30630
100,5	0,30840
100,6	0,31040
100,7	0,30970
100,8	0,30690
100,9	0,30430
101,0	0,30480
101,1	0,30770
101,2	0,30750
101,3	0,30290
101,4	0,30010
101,5	0,30210
101,6	0,30530
101,7	0,30610
101,8	0,30340
101,9	0,29920
102,0	0,29730
102,1	0,29940
102,2	0,30220
102,3	0,30070
102,4	0,29670
102,5	0,29510
102,6	0,29640
102,7	0,29770
102,8	0,29690
102,9	0,29350
103,0	0,28990
103,1	0,29050
103,2	0,29480
103,3	0,29590
103,4	0,29130
103,5	0,28690
103,6	0,28650
103,7	0,28850
103,8	0,29020
103,9	0,28920
104,0	0,28540
104,1	0,28260
104,2	0,28420
104,3	0,28740
104,4	0,28600
104,5	0,28110
104,6	0,27820
104,7	0,27940
104,8	0,28240
104,9	0,28350
105,0	0,28090
105,1	0,27630
105,2	0,27420
105,3	0,27670
105,4	0,27920
105,5	0,27770
105,6	0,27420
105,7	0,27260
105,8	0,27340
105,9	0,27460
106,0	0,27400
106,1	0,26890
106,2	0,26410
106,3	0,26640
106,4	0,27120
106,5	0,27200
106,6	0,26710
106,7	0,26140
106,8	0,26090
106,9	0,26480
107,0	0,26830
107,1	0,26620
107,2	0,25930
107,3	0,25600
107,4	0,26020
107,5	0,26380
107,6	0,25990
107,7	0,25320
107,8	0,24980
107,9	0,25200
108,0	0,25810
108,1	0,25960
108,2	0,25290
108,3	0,24510
108,4	0,24410
108,5	0,24900
108,6	0,25110
108,7	0,24740
108,8	0,24230
108,9	0,24080
109,0	0,24360
109,1	0,24610
109,2	0,24290
109,3	0,23590
109,4	0,23280
109,5	0,23660
109,6	0,24150
109,7	0,24080
109,8	0,23490
109,9	0,22920
110,0	0,22810
110,1	0,23170
110,2	0,23460
110,3	0,23140
110,4	0,22560
110,5	0,22410
110,6	0,22730
110,7	0,22920
110,8	0,22590
110,9	0,21970
111,0	0,21630
111,1	0,21930
111,2	0,22500
111,3	0,22510
111,4	0,21810
111,5	0,21170
111,6	0,21100
111,7	0,21350
111,8	0,21510
111,9	0,21360
112,0	0,20910
112,1	0,20660
112,2	0,20920
112,3	0,21170
112,4	0,20820
112,5	0,20220
112,6	0,20000
112,7	0,20230
112,8	0,20570
112,9	0,20620
113,0	0,20220
113,1	0,19680
113,2	0,19540
113,3	0,19830
113,4	0,19930
113,5	0,19570
113,6	0,19250
113,7	0,19260
113,8	0,19410
113,9	0,19480
114,0	0,19130
114,1	0,18690
114,2	0,18930
114,3	0,19790
114,4	0,20640
114,5	0,21040
114,6	0,21260
114,7	0,21720
114,8	0,22570
114,9	0,23540
115,0	0,24290
115,1	0,24760
115,2	0,25310
115,3	0,26210
115,4	0,27180
115,5	0,27800
115,6	0,28050
115,7	0,28360
115,8	0,29110
115,9	0,30230
116,0	0,31260
116,1	0,31820
116,2	0,32050
116,3	0,32540
116,4	0,33490
116,5	0,34410
116,6	0,34950
116,7	0,35330
116,8	0,35880
116,9	0,36750
117,0	0,37770
117,1	0,38470
117,2	0,38720
117,3	0,38960
117,4	0,39800
117,5	0,41050
117,6	0,42000
117,7	0,42490
117,8	0,42770
117,9	0,43230
118,0	0,44120
118,1	0,45180
118,2	0,45860
118,3	0,46190
118,4	0,46670
118,5	0,47570
118,6	0,48620
118,7	0,49220
118,8	0,49330
118,9	0,49610
119,0	0,50380
119,1	0,51490
119,2	0,52450
119,3	0,52830
119,4	0,52980
119,5	0,53540
119,6	0,54530
119,7	0,55430
119,8	0,55950
119,9	0,56260
120,0	0,56870
120,1	0,57880
120,2	0,58920
120,3	0,59470
120,4	0,59510
120,5	0,59720
120,6	0,60630
120,7	0,61830
120,8	0,62670
120,9	0,63050
121,0	0,63280
121,1	0,63820
121,2	0,64790
121,3	0,65700
121,4	0,66150
121,5	0,66360
121,6	0,66880
121,7	0,67910
121,8	0,68970
121,9	0,69520
122,0	0,69600
122,1	0,69810
122,2	0,70650
122,3	0,71970
122,4	0,72990
122,5	0,73240
122,6	0,73350
122,7	0,73960
122,8	0,74900
122,9	0,75700
123,0	0,76070
123,1	0,76220
123,2	0,76780
123,3	0,77880
123,4	0,78920
123,5	0,79380
123,6	0,79400
123,7	0,79700
123,8	0,80580
123,9	0,81640
124,0	0,82400
124,1	0,82710
124,2	0,82910
124,3	0,83550
124,4	0,84600
124,5	0,85430
124,6	0,85730
124,7	0,85870
124,8	0,86420
124,9	0,87540
125,0	0,88650
125,1	0,89220
125,2	0,89310
125,3	0,89440
125,4	0,90190
125,5	0,91260
125,6	0,91930
125,7	0,92070
125,8	0,92260
125,9	0,92990
126,0	0,94020
126,1	0,94860
126,2	0,95140
126,3	0,95120
126,4	0,95650
126,5	0,96850
126,6	0,97900
126,7	0,98260
126,8	0,98200
126,9	0,98440
127,0	0,99230
127,1	1,00330
127,2	1,01110
127,3	1,01200
127,4	1,01260
127,5	1,02080
127,6	1,03390
127,7	1,04210
127,8	1,04260
127,9	1,04240
128,0	1,04750
128,1	1,05790
128,2	1,06910
128,3	1,07350
128,4	1,07130
128,5	1,07320
128,6	1,08300
128,7	1,09380
128,8	1,09930
128,9	1,10040
129,0	1,10190
129,1	1,10920
129,2	1,12070
129,3	1,12840
129,4	1,12910
129,5	1,12880
129,6	1,13490
129,7	1,14520
129,8	1,15370
129,9	1,15670
130,0	1,15630
130,1	1,15870
130,2	1,16760
130,3	1,17860
130,4	1,18420
130,5	1,18390
130,6	1,18570
130,7	1,19400
130,8	1,20470
130,9	1,21110
131,0	1,21250
131,1	1,21280
131,2	1,21740
131,3	1,22840
131,4	1,23810
131,5	1,23960
131,6	1,23800
131,7	1,24200
131,8	1,25160
131,9	1,26150
132,0	1,26720
132,1	1,26750
132,2	1,26830
132,3	1,27600
132,4	1,28670
132,5	1,29270
132,6	1,29300
132,7	1,29350
132,8	1,29900
132,9	1,30890
133,0	1,31800
133,1	1,32070
133,2	1,31840
133,3	1,32020
133,4	1,33000
133,5	1,34100
133,6	1,34550
133,7	1,34470
133,8	1,34570
133,9	1,35300
134,0	1,36330
134,1	1,36980
134,2	1,37070
134,3	1,37040
134,4	1,37520
134,5	1,38640
134,6	1,39580
134,7	1,39660
134,8	1,39400
134,9	1,39650
135,0	1,40500
135,1	1,41480
135,2	1,41960
135,3	1,41850
135,4	1,41880
135,5	1,42650
135,6	1,43670
135,7	1,44230
135,8	1,44410
135,9	1,44460
136,0	1,44810
136,1	1,45350
136,2	1,45360
136,3	1,44580
136,4	1,43550
136,5	1,42890
136,6	1,42450
136,7	1,41820
136,8	1,40760
136,9	1,39600
137,0	1,38790
137,1	1,38280
137,2	1,37720
137,3	1,36700
137,4	1,35330
137,5	1,34330
137,6	1,33870
137,7	1,33390
137,8	1,32450
137,9	1,31220
138,0	1,30230
138,1	1,29650
138,2	1,29220
138,3	1,28400
138,4	1,27110
138,5	1,25820
138,6	1,24990
138,7	1,24500
138,8	1,23750
138,9	1,22670
139,0	1,21450
139,1	1,20440
139,2	1,19880
139,3	1,19390
139,4	1,18450
139,5	1,17140
139,6	1,16020
139,7	1,15330
139,8	1,14810
139,9	1,14050
140,0	1,12910
140,1	1,11730
140,2	1,10950
140,3	1,10460
140,4	1,09830
140,5	1,08690
140,6	1,07380
140,7	1,06520
140,8	1,06070
140,9	1,05480
141,0	1,04400
141,1	1,03080
141,2	1,01930
141,3	1,01210
141,4	1,00720
141,5	0,99910
141,6	0,98670
141,7	0,97460
141,8	0,96700
141,9	0,96180
142,0	0,95390
142,1	0,94240
142,2	0,92960
142,3	0,91990
142,4	0,91490
142,5	0,91040
142,6	0,90050
142,7	0,88690
142,8	0,87580
142,9	0,86880
143,0	0,86300
143,1	0,85430
143,2	0,84270
143,3	0,83240
143,4	0,82650
143,5	0,82160
143,6	0,81260
143,7	0,80000
143,8	0,78740
143,9	0,77730
144,0	0,77130
144,1	0,76550
144,2	0,75620
144,3	0,74320
144,4	0,73140
144,5	0,72460
144,6	0,71880
144,7	0,70910
144,8	0,69630
144,9	0,68490
145,0	0,67790
145,1	0,67320
145,2	0,66540
145,3	0,65280
145,4	0,64050
145,5	0,63260
145,6	0,62820
145,7	0,62180
145,8	0,61040
145,9	0,59730
146,0	0,58640
146,1	0,57890
146,2	0,57260
146,3	0,56350
146,4	0,55090
146,5	0,53860
146,6	0,53080
146,7	0,52620
146,8	0,51890
146,9	0,50650
147,0	0,49260
147,1	0,48300
147,2	0,47820
147,3	0,47290
147,4	0,46230
147,5	0,44900
147,6	0,43910
147,7	0,43390
147,8	0,42820
147,9	0,41720
148,0	0,40280
148,1	0,39090
148,2	0,38390
148,3	0,37890
148,4	0,37120
148,5	0,35830
148,6	0,34450
148,7	0,33600
148,8	0,33170
148,9	0,32490
149,0	0,31280
149,1	0,29960
149,2	0,28950
149,3	0,28330
149,4	0,27750
149,5	0,26730
149,6	0,25440
149,7	0,24300
149,8	0,23620
149,9	0,23140
150,0	0,22250
150,1	0,21000
150,2	0,19820
150,3	0,19270
150,4	0,19260
150,5	0,19050
150,6	0,18790
150,7	0,18760
150,8	0,18950
150,9	0,19500
151,0	0,20290
151,1	0,20960
151,2	0,21490
151,3	0,22050
151,4	0,22840
151,5	0,23800
151,6	0,24700
151,7	0,25340
151,8	0,25770
151,9	0,26330
152,0	0,27260
152,1	0,28300
152,2	0,29100
152,3	0,29570
152,4	0,30040
152,5	0,30790
152,6	0,31690
152,7	0,32510
152,8	0,33060
152,9	0,33620
153,0	0,34410
153,1	0,35350
153,2	0,36230
153,3	0,36760
153,4	0,37140
153,5	0,37730
153,6	0,38610
153,7	0,39600
153,8	0,40430
153,9	0,41010
154,0	0,41620
154,1	0,42360
154,2	0,43220
154,3	0,44030
154,4	0,44530
154,5	0,45060
154,6	0,45820
154,7	0,46750
154,8	0,47680
154,9	0,48310
155,0	0,48670
155,1	0,49190
155,2	0,50070
155,3	0,51040
155,4	0,51860
155,5	0,52350
155,6	0,52740
155,7	0,53410
155,8	0,54360
155,9	0,55250
156,0	0,55820
156,1	0,56300
156,2	0,57070
156,3	0,58030
156,4	0,58900
156,5	0,59500
156,6	0,59840
156,7	0,60270
156,8	0,61110
156,9	0,62200
157,0	0,63070
157,1	0,63540
157,2	0,63950
157,3	0,64710
157,4	0,65640
157,5	0,66370
157,6	0,66850
157,7	0,67290
157,8	0,67970
157,9	0,68890
158,0	0,69810
158,1	0,70490
158,2	0,70860
158,3	0,71210
158,4	0,72030
158,5	0,73130
158,6	0,73930
158,7	0,74350
158,8	0,74770
158,9	0,75470
159,0	0,76410
159,1	0,77240
159,2	0,77740
159,3	0,78080
159,4	0,78670
159,5	0,79760
159,6	0,80860
159,7	0,81450
159,8	0,81740
159,9	0,82090
160,0	0,82770
160,1	0,83670
160,2	0,84470
160,3	0,84970
160,4	0,85340
160,5	0,85990
160,6	0,86910
160,7	0,87670
160,8	0,88160
160,9	0,88680
161,0	0,89330
161,1	0,90120
161,2	0,91030
161,3	0,91650
161,4	0,91860
161,5	0,92150
161,6	0,92990
161,7	0,94090
161,8	0,94870
161,9	0,95300
162,0	0,95760
162,1	0,96460
162,2	0,97250
162,3	0,97990
162,4	0,98470
162,5	0,98710
162,6	0,99250
162,7	1,00230
162,8	1,01140
162,9	1,01710
163,0	1,02070
163,1	1,02430
163,2	1,03130
163,3	1,04170
163,4	1,05010
163,5	1,05390
163,6	1,05670
163,7	1,06250
163,8	1,07190
163,9	1,08090
164,0	1,08640
164,1	1,09010
164,2	1,09450
164,3	1,10180
164,4	1,11170
164,5	1,11750
164,6	1,11820
164,7	1,12170
164,8	1,12960
164,9	1,13850
165,0	1,14560
165,1	1,14970
165,2	1,15310
165,3	1,15840
165,4	1,16670
165,5	1,17430
165,6	1,17790
165,7	1,18090
165,8	1,18860
165,9	1,19880
166,0	1,20580
166,1	1,20960
166,2	1,21200
166,3	1,21540
166,4	1,22250
166,5	1,23290
166,6	1,24020
166,7	1,24290
166,8	1,24700
166,9	1,25400
167,0	1,26130
167,1	1,26760
167,2	1,27190
167,3	1,27580
167,4	1,28230
167,5	1,29150
167,6	1,29950
167,7	1,30220
167,8	1,30300
167,9	1,30720
168,0	1,31510
168,1	1,32390
168,2	1,33050
168,3	1,33380
168,4	1,33660
168,5	1,34320
168,6	1,35270
168,7	1,35960
168,8	1,36310
168,9	1,36610
169,0	1,37110
169,1	1,37870
169,2	1,38670
169,3	1,39030
169,4	1,39040
169,5	1,39450
169,6	1,40350
169,7	1,41160
169,8	1,41560
169,9	1,41800
170,0	1,42210
170,1	1,42930
170,2	1,43770
170,3	1,44300
170,4	1,44530
170,5	1,44750
170,6	1,45300
170,7	1,45720
170,8	1,45530
170,9	1,45170
171,0	1,44910
171,1	1,44640
171,2	1,44180
171,3	1,43590
171,4	1,42890
171,5	1,42180
171,6	1,41690
171,7	1,41370
171,8	1,40830
171,9	1,40040
172,0	1,39370
172,1	1,38920
172,2	1,38510
172,3	1,38040
172,4	1,37490
172,5	1,36750
172,6	1,36090
172,7	1,35690
172,8	1,35210
172,9	1,34510
173,0	1,33840
173,1	1,33370
173,2	1,32900
173,3	1,32420
173,4	1,31820
173,5	1,30990
173,6	1,30260
173,7	1,29890
173,8	1,29650
173,9	1,29230
174,0	1,28520
174,1	1,27680
174,2	1,26990
174,3	1,26580
174,4	1,26210
174,5	1,25530
174,6	1,24660
174,7	1,24000
174,8	1,23630
174,9	1,23210
175,0	1,22550
175,1	1,21870
175,2	1,21230
175,3	1,20680
175,4	1,20370
175,5	1,19910
175,6	1,19030
175,7	1,18150
175,8	1,17600
175,9	1,17190
176,0	1,16630
176,1	1,15950
176,2	1,15220
176,3	1,14570
176,4	1,14140
176,5	1,13840
176,6	1,13210
176,7	1,12200
176,8	1,11390
176,9	1,10960
177,0	1,10680
177,1	1,10280
177,2	1,09560
177,3	1,08610
177,4	1,07890
177,5	1,07570
177,6	1,07180
177,7	1,06470
177,8	1,05720
177,9	1,05140
178,0	1,04680
178,1	1,04200
178,2	1,03470
178,3	1,02440
178,4	1,01560
178,5	1,01090
178,6	1,00830
178,7	1,00380
178,8	0,99560
178,9	0,98760
179,0	0,98270
179,1	0,97970
179,2	0,97460
179,3	0,96570
179,4	0,95590
179,5	0,94900
179,6	0,94590
179,7	0,94220
179,8	0,93410
179,9	0,92380
180,0	0,91620
180,1	0,91210
180,2	0,90890
180,3	0,90420
180,4	0,89580
180,5	0,88600
180,6	0,87910
180,7	0,87510
180,8	0,87000
180,9	0,86190
181,0	0,85350
181,1	0,84730
181,2	0,84340
181,3	0,83900
181,4	0,83190
181,5	0,82190
181,6	0,81340
181,7	0,80960
181,8	0,80630
181,9	0,79980
182,0	0,79210
182,1	0,78510
182,2	0,77870
182,3	0,77270
182,4	0,76680
182,5	0,75930
182,6	0,75160
182,7	0,74670
182,8	0,74370
182,9	0,73800
183,0	0,72840
183,1	0,71850
183,2	0,71040
183,3	0,70460
183,4	0,70070
183,5	0,69540
183,6	0,68610
183,7	0,67690
183,8	0,67150
183,9	0,66820
184,0	0,66260
184,1	0,65380
184,2	0,64540
184,3	0,63890
184,4	0,63430
184,5	0,63020
184,6	0,62280
184,7	0,61250
184,8	0,60450
184,9	0,59990
185,0	0,59590
185,1	0,59030
185,2	0,58150
185,3	0,57170
185,4	0,56510
185,5	0,56110
185,6	0,55540
185,7	0,54600
185,8	0,53630
185,9	0,53080
186,0	0,52800
186,1	0,52310
186,2	0,51510
186,3	0,50490
186,4	0,49620
186,5	0,49210
186,6	0,48890
186,7	0,48250
186,8	0,47270
186,9	0,46350
187,0	0,45780
187,1	0,45320
187,2	0,44670
187,3	0,43880
187,4	0,43070
187,5	0,42450
187,6	0,42110
187,7	0,41560
187,8	0,40560
187,9	0,39520
188,0	0,38830
188,1	0,38390
188,2	0,37890
188,3	0,37230
188,4	0,36440
188,5	0,35720
188,6	0,35260
188,7	0,34810
188,8	0,34010
188,9	0,32960
189,0	0,32070
189,1	0,31530
189,2	0,31070
189,3	0,30480
189,4	0,29670
189,5	0,28760
189,6	0,28090
189,7	0,27730
189,8	0,27350
189,9	0,26510
190,0	0,25440
190,1	0,24640
190,2	0,24070
190,3	0,23570
190,4	0,22880
190,5	0,21980
190,6	0,21090
190,7	0,20490
190,8	0,20140
190,9	0,19660
191,0	0,19160
191,1	0,19090
191,2	0,19260
191,3	0,19360
191,4	0,19430
191,5	0,19550
191,6	0,19810
191,7	0,20160
191,8	0,20500
191,9	0,20820
192,0	0,21130
192,1	0,21530
192,2	0,21940
192,3	0,22240
192,4	0,22430
192,5	0,22700
192,6	0,23140
192,7	0,23640
192,8	0,24080
192,9	0,24380
193,0	0,24590
193,1	0,24800
193,2	0,25200
193,3	0,25820
193,4	0,26380
193,5	0,26780
193,6	0,27040
193,7	0,27270
193,8	0,27580
193,9	0,27870
194,0	0,28030
194,1	0,28210
194,2	0,28600
194,3	0,29140
194,4	0,29570
194,5	0,29810
194,6	0,30000
194,7	0,30270
194,8	0,30630
194,9	0,31060
195,0	0,31410
195,1	0,31680
195,2	0,32020
195,3	0,32430
195,4	0,32840
195,5	0,33080
195,6	0,33240
195,7	0,33560
195,8	0,34120
195,9	0,34650
196,0	0,35010
196,1	0,35200
196,2	0,35280
196,3	0,35540
196,4	0,35990
196,5	0,36390
196,6	0,36650
196,7	0,36900
196,8	0,37200
196,9	0,37580
197,0	0,38040
197,1	0,38400
197,2	0,38520
197,3	0,38690
197,4	0,39160
197,5	0,39650
197,6	0,39960
197,7	0,40170
197,8	0,40460
197,9	0,40810
198,0	0,41130
198,1	0,41610
198,2	0,42110
198,3	0,42430
198,4	0,42680
198,5	0,42990
198,6	0,43330
198,7	0,43490
198,8	0,43580
198,9	0,43810
199,0	0,44210
199,1	0,44710
199,2	0,45150
199,3	0,45420
199,4	0,45630
199,5	0,46020
199,6	0,46430
199,7	0,46660
199,8	0,46810
199,9	0,47010
200,0	0,47320
200,1	0,47740
200,2	0,48200
200,3	0,48440
200,4	0,48480
200,5	0,48620
200,6	0,49160
200,7	0,49810
200,8	0,50220
200,9	0,50450
201,0	0,50590
201,1	0,50800
201,2	0,51150
201,3	0,51400
201,4	0,51460
201,5	0,51530
201,6	0,51890
201,7	0,52440
201,8	0,52820
201,9	0,53000
202,0	0,53130
202,1	0,53320
202,2	0,53710
202,3	0,54190
202,4	0,54480
202,5	0,54630
202,6	0,54820
202,7	0,55160
202,8	0,55580
202,9	0,55920
203,0	0,56070
203,1	0,56170
203,2	0,56480
203,3	0,57090
203,4	0,57650
203,5	0,57800
203,6	0,57950
203,7	0,58250
203,8	0,58480
203,9	0,58720
204,0	0,58970
204,1	0,59160
204,2	0,59300
204,3	0,59580
204,4	0,60010
204,5	0,60310
204,6	0,60470
204,7	0,60570
204,8	0,60830
204,9	0,61370
205,0	0,61890
205,1	0,62210
205,2	0,62340
205,3	0,62410
205,4	0,62590
205,5	0,62910
205,6	0,63220
205,7	0,63390
205,8	0,63450
205,9	0,63660
206,0	0,64120
206,1	0,64540
206,2	0,64650
206,3	0,64620
206,4	0,64950
206,5	0,65530
206,6	0,65950
206,7	0,66180
206,8	0,66310
206,9	0,66390
207,0	0,66530
207,1	0,66850
207,2	0,67170
207,3	0,67270
207,4	0,67340
207,5	0,67680
207,6	0,68090
207,7	0,68380
207,8	0,68500
207,9	0,68540
208,0	0,68700
208,1	0,69110
208,2	0,69570
208,3	0,69790
208,4	0,69810
208,5	0,69980
208,6	0,70310
208,7	0,70630
208,8	0,70930
208,9	0,71100
209,0	0,71130
209,1	0,71380
209,2	0,71840
209,3	0,72150
209,4	0,72250
209,5	0,72270
209,6	0,72470
209,7	0,72950
209,8	0,73470
209,9	0,73790
210,0	0,73910
210,1	0,74000
210,2	0,74200
210,3	0,74480
210,4	0,74600
210,5	0,74530
210,6	0,74580
210,7	0,74930
210,8	0,75390
210,9	0,75650
211,0	0,75740
211,1	0,75770
211,2	0,75860
211,3	0,76250
211,4	0,76780
211,5	0,76940
211,6	0,76860
211,7	0,77050
211,8	0,77490
211,9	0,77840
212,0	0,78000
212,1	0,78050
212,2	0,78060
212,3	0,78210
212,4	0,78580
212,5	0,78860
212,6	0,78880
212,7	0,78870
212,8	0,78970
212,9	0,79290
213,0	0,79710
213,1	0,79940
213,2	0,79920
213,3	0,79870
213,4	0,80280
213,5	0,80910
213,6	0,81030
213,7	0,80850
213,8	0,80960
213,9	0,81340
214,0	0,81720
214,1	0,81980
214,2	0,82050
214,3	0,81920
214,4	0,81960
214,5	0,82430
214,6	0,82710
214,7	0,82600
214,8	0,82580
214,9	0,82730
215,0	0,83000
215,1	0,83380
215,2	0,83580
215,3	0,83370
215,4	0,83270
215,5	0,83740
215,6	0,84300
215,7	0,84410
215,8	0,84310
215,9	0,84230
216,0	0,84250
216,1	0,84650
216,2	0,85200
216,3	0,85280
216,4	0,85010
216,5	0,85140
216,6	0,85720
216,7	0,86040
216,8	0,85980
216,9	0,85860
217,0	0,85850
217,1	0,86120
217,2	0,86710
217,3	0,87050
217,4	0,86750
217,5	0,86500
217,6	0,86860
217,7	0,87320
217,8	0,87420
217,9	0,87460
218,0	0,87500
218,1	0,87450
218,2	0,87890
218,3	0,88490
218,4	0,88340
218,5	0,87840
218,6	0,87910
218,7	0,88580
218,8	0,89100
218,9	0,89310
219,0	0,89250
219,1	0,88880
219,2	0,88850
219,3	0,89390
219,4	0,89780
219,5	0,89560
219,6	0,89380
219,7	0,89680
219,8	0,89970
219,9	0,90090
220,0	0,90110
220,1	0,90040
220,2	0,89930
220,3	0,90210
220,4	0,90800
220,5	0,90930
220,6	0,90570
220,7	0,90430
220,8	0,90650
220,9	0,90940
221,0	0,91150
221,1	0,91190
221,2	0,91000
221,3	0,91000
221,4	0,91520
221,5	0,91880
221,6	0,91590
221,7	0,91240
221,8	0,91370
221,9	0,91750
222,0	0,92060
222,1	0,92270
222,2	0,92190
222,3	0,91880
222,4	0,91920
222,5	0,92440
222,6	0,92680
222,7	0,92390
222,8	0,92250
222,9	0,92560
223,0	0,92840
223,1	0,92960
223,2	0,92960
223,3	0,92640
223,4	0,92450
223,5	0,92930
223,6	0,93540
223,7	0,93480
223,8	0,93120
223,9	0,93120
224,0	0,93310
224,1	0,93480
224,2	0,93730
224,3	0,93690
224,4	0,93310
224,5	0,93410
224,6	0,94060
224,7	0,94280
224,8	0,93960
224,9	0,93740
225,0	0,93770
225,1	0,93930
225,2	0,94330
225,3	0,94590
225,4	0,94180
225,5	0,93730
225,6	0,94100
225,7	0,94630
225,8	0,94600
225,9	0,94390
226,0	0,94270
226,1	0,94240
226,2	0,94570
226,3	0,95100
226,4	0,94960
226,5	0,94310
226,6	0,94210
226,7	0,94730
226,8	0,95020
226,9	0,94940
227,0	0,94870
227,1	0,94660
227,2	0,94560
227,3	0,95050
227,4	0,95330
227,5	0,94880
227,6	0,94550
227,7	0,94830
227,8	0,95210
227,9	0,95230
228,0	0,95190
228,1	0,95080
228,2	0,94730
228,3	0,94870
228,4	0,95410
228,5	0,95460
228,6	0,95070
228,7	0,94940
228,8	0,95170
228,9	0,95250
229,0	0,95220
229,1	0,95220
229,2	0,94950
229,3	0,94820
229,4	0,95370
229,5	0,95760
229,6	0,95340
229,7	0,94860
229,8	0,94930
229,9	0,95130
230,0	0,95210
230,1	0,95410
230,2	0,95360
230,3	0,94920
230,4	0,94880
230,5	0,95340
230,6	0,95410
230,7	0,94990
230,8	0,94790
230,9	0,94970
231,0	0,95140
231,1	0,95330
231,2	0,95410
231,3	0,95020
231,4	0,94580
231,5	0,94810
231,6	0,95310
231,7	0,95190
231,8	0,94830
231,9	0,94790
232,0	0,94780
232,1	0,94830
232,2	0,95110
232,3	0,95000
232,4	0,94370
232,5	0,94240
232,6	0,94800
232,7	0,95060
232,8	0,94700
232,9	0,94370
233,0	0,94210
233,1	0,94130
233,2	0,94410
233,3	0,94690
233,4	0,94320
233,5	0,93810
233,6	0,93990
233,7	0,94400
233,8	0,94280
233,9	0,93950
234,0	0,93820
234,1	0,93700
234,2	0,93790
234,3	0,94160
234,4	0,94080
234,5	0,93450
234,6	0,93230
234,7	0,93620
234,8	0,93830
234,9	0,93600
235,0	0,93330
235,1	0,93160
235,2	0,93030
235,3	0,93240
235,4	0,93440
235,5	0,93020
235,6	0,92570
235,7	0,92800
235,8	0,93150
235,9	0,93090
236,0	0,92830
236,1	0,92490
236,2	0,92250
236,3	0,92410
236,4	0,92780
236,5	0,92710
236,6	0,92150
236,7	0,91880
236,8	0,92160
236,9	0,92310
237,0	0,92110
237,1	0,91860
237,2	0,91600
237,3	0,91480
237,4	0,91770
237,5	0,91980
237,6	0,91550
237,7	0,91030
237,8	0,91050
237,9	0,91300
238,0	0,91330
238,1	0,91140
238,2	0,90810
238,3	0,90490
238,4	0,90540
238,5	0,90850
238,6	0,90810
238,7	0,90380
238,8	0,90110
238,9	0,90240
239,0	0,90370
239,1	0,90260
239,2	0,90070
239,3	0,89780
239,4	0,89600
239,5	0,89750
239,6	0,89920
239,7	0,89570
239,8	0,88940
239,9	0,88860
240,0	0,89200
240,1	0,89320
240,2	0,89100
240,3	0,88700
240,4	0,88270
240,5	0,88180
240,6	0,88600
240,7	0,88660
240,8	0,88050
240,9	0,87540
241,0	0,87520
241,1	0,87720
241,2	0,87780
241,3	0,87580
241,4	0,87070
241,5	0,86670
241,6	0,86820
241,7	0,87100
241,8	0,86850
241,9	0,86270
242,0	0,86000
242,1	0,86060
242,2	0,86140
242,3	0,86140
242,4	0,85880
242,5	0,85360
242,6	0,85220
242,7	0,85560
242,8	0,85660
242,9	0,85260
243,0	0,84750
243,1	0,84550
243,2	0,84630
243,3	0,84780
243,4	0,84680
243,5	0,84160
243,6	0,83670
243,7	0,83790
243,8	0,84130
243,9	0,83930
244,0	0,83300
244,1	0,82910
244,2	0,82900
244,3	0,83050
244,4	0,83110
244,5	0,82830
244,6	0,82350
244,7	0,82160
244,8	0,82380
244,9	0,82480
245,0	0,82150
245,1	0,81780
245,2	0,81660
245,3	0,81700
245,4	0,81810
245,5	0,81690
245,6	0,81030
245,7	0,80330
245,8	0,80350
245,9	0,80690
246,0	0,80530
246,1	0,80010
246,2	0,79580
246,3	0,79290
246,4	0,79240
246,5	0,79440
246,6	0,79330
246,7	0,78760
246,8	0,78430
246,9	0,78620
247,0	0,78730
247,1	0,78470
247,2	0,78060
247,3	0,77530
247,4	0,77290
247,5	0,77550
247,6	0,77740
247,7	0,77220
247,8	0,76430
247,9	0,76220
248,0	0,76390
248,1	0,76370
248,2	0,76060
248,3	0,75600
248,4	0,75200
248,5	0,75220
248,6	0,75560
248,7	0,75450
248,8	0,74670
248,9	0,74160
249,0	0,74280
249,1	0,74440
249,2	0,74410
249,3	0,74090
249,4	0,73490
249,5	0,73020
249,6	0,73180
249,7	0,73450
249,8	0,72990
249,9	0,72230
250,0	0,71980
250,1	0,72140
250,2	0,72130
250,3	0,71840
250,4	0,71300
250,5	0,70690
250,6	0,70590
250,7	0,70930
250,8	0,70910
250,9	0,70280
251,0	0,69730
251,1	0,69620
251,2	0,69660
251,3	0,69600
251,4	0,69290
251,5	0,68710
251,6	0,68330
251,7	0,68510
251,8	0,68730
251,9	0,68340
252,0	0,67610
252,1	0,67240
252,2	0,67250
252,3	0,67330
252,4	0,67230
252,5	0,66890
252,6	0,66320
252,7	0,66040
252,8	0,66240
252,9	0,66240
253,0	0,65700
253,1	0,65090
253,2	0,64860
253,3	0,64860
253,4	0,64850
253,5	0,64550
253,6	0,63890
253,7	0,63300
253,8	0,63360
253,9	0,63720
254,0	0,63530
254,1	0,62950
254,2	0,62590
254,3	0,62520
254,4	0,62490
254,5	0,62450
254,6	0,62030
254,7	0,61200
254,8	0,60810
254,9	0,61130
255,0	0,61190
255,1	0,60580
255,2	0,59910
255,3	0,59520
255,4	0,59440
255,5	0,59560
255,6	0,59480
255,7	0,58960
255,8	0,58400
255,9	0,58310
256,0	0,58470
256,1	0,58260
256,2	0,57640
256,3	0,57150
256,4	0,56930
256,5	0,56890
256,6	0,56880
256,7	0,56520
256,8	0,55810
256,9	0,55290
257,0	0,55320
257,1	0,55450
257,2	0,55230
257,3	0,54720
257,4	0,54210
257,5	0,53900
257,6	0,53860
257,7	0,53780
257,8	0,53260
257,9	0,52610
258,0	0,52460
258,1	0,52640
258,2	0,52560
258,3	0,52090
258,4	0,51550
258,5	0,51190
258,6	0,51070
258,7	0,51130
258,8	0,51010
258,9	0,50360
259,0	0,49710
259,1	0,49740
259,2	0,49870
259,3	0,49540
259,4	0,48990
259,5	0,48450
259,6	0,48120
259,7	0,48180
259,8	0,48230
259,9	0,47780
260,0	0,47080
260,1	0,46750
260,2	0,46810
260,3	0,46810
260,4	0,46510
260,5	0,45950
260,6	0,45370
260,7	0,45090
260,8	0,45130
260,9	0,44950
261,0	0,44320
261,1	0,43710
261,2	0,43590
261,3	0,43680
261,4	0,43540
261,5	0,43150
261,6	0,42480
261,7	0,41910
261,8	0,42030
261,9	0,42340
262,0	0,41950
262,1	0,41110
262,2	0,40570
262,3	0,40430
262,4	0,40380
262,5	0,40120
262,6	0,39600
262,7	0,39010
262,8	0,38780
262,9	0,38930
263,0	0,38910
263,1	0,38260
263,2	0,37440
263,3	0,37150
263,4	0,37230
263,5	0,37260
263,6	0,37010
263,7	0,36410
263,8	0,35800
263,9	0,35650
264,0	0,35800
264,1	0,35560
264,2	0,34790
264,3	0,34250
264,4	0,34300
264,5	0,34510
264,6	0,34430
264,7	0,33760
264,8	0,32790
264,9	0,32200
265,0	0,32370
265,1	0,32570
265,2	0,32010
265,3	0,31200
265,4	0,30770
265,5	0,30710
265,6	0,30780
265,7	0,30610
265,8	0,29860
265,9	0,29050
266,0	0,29050
266,1	0,29500
266,2	0,29330
266,3	0,28570
266,4	0,27900
266,5	0,27560
266,6	0,27600
266,7	0,27720
266,8	0,27340
266,9	0,26340
267,0	0,25720
267,1	0,26050
267,2	0,26310
267,3	0,25690
267,4	0,24750
267,5	0,24190
267,6	0,24110
267,7	0,24380
267,8	0,24390
267,9	0,23540
268,0	0,22400
268,1	0,22160
268,2	0,22600
268,3	0,22550
268,4	0,21870
268,5	0,21160
268,6	0,20710
268,7	0,20610
268,8	0,20840
268,9	0,20590
269,0	0,19500
269,1	0,18830
269,2	0,19160
269,3	0,19490
269,4	0,19180
269,5	0,18980
269,6	0,19280
269,7	0,19690
269,8	0,20490
269,9	0,21540
270,0	0,22260
270,1	0,22810
270,2	0,23840
270,3	0,25260
270,4	0,26420
270,5	0,27270
270,6	0,28060
270,7	0,28850
270,8	0,29790
270,9	0,31020
271,0	0,32090
271,1	0,32790
271,2	0,33650
271,3	0,34890
271,4	0,36080
271,5	0,36920
271,6	0,37680
271,7	0,38450
271,8	0,39290
271,9	0,40530
272,0	0,41890
272,1	0,42760
272,2	0,43320
272,3	0,44190
272,4	0,45360
272,5	0,46390
272,6	0,47320
272,7	0,48240
272,8	0,49180
272,9	0,50150
273,0	0,51290
273,1	0,52340
273,2	0,52970
273,3	0,53570
273,4	0,54570
273,5	0,55930
273,6	0,57170
273,7	0,58050
273,8	0,58680
273,9	0,59370
274,0	0,60500
274,1	0,61790
274,2	0,62670
274,3	0,63230
274,4	0,64110
274,5	0,65320
274,6	0,66420
274,7	0,67340
274,8	0,68080
274,9	0,68740
275,0	0,69660
275,1	0,71080
275,2	0,72450
275,3	0,73260
275,4	0,73820
275,5	0,74650
275,6	0,75830
275,7	0,76900
275,8	0,77700
275,9	0,78360
276,0	0,79100
276,1	0,80250
276,2	0,81520
276,3	0,82370
276,4	0,82900
276,5	0,83630
276,6	0,84700
276,7	0,85800
276,8	0,86840
276,9	0,87850
277,0	0,88700
277,1	0,89460
277,2	0,90470
277,3	0,91550
277,4	0,92240
277,5	0,92880
277,6	0,93880
277,7	0,95090
277,8	0,96210
277,9	0,97090
278,0	0,97780
278,1	0,98380
278,2	0,99250
278,3	1,00480
278,4	1,01500
278,5	1,02210
278,6	1,03010
278,7	1,04030
278,8	1,05030
278,9	1,05930
279,0	1,06700
279,1	1,07390
279,2	1,08240
279,3	1,09370
279,4	1,10450
279,5	1,11220
279,6	1,11970
279,7	1,12800
279,8	1,13660
279,9	1,14600
280,0	1,15580
280,1	1,16400
280,2	1,17070
280,3	1,17970
280,4	1,19180
280,5	1,20170
280,6	1,20790
280,7	1,21470
280,8	1,22330
280,9	1,23370
281,0	1,24520
281,1	1,25440
281,2	1,26020
281,3	1,26750
281,4	1,27820
281,5	1,28860
281,6	1,29670
281,7	1,30360
281,8	1,31140
281,9	1,31990
282,0	1,32960
282,1	1,33940
282,2	1,34660
282,3	1,35340
282,4	1,36220
282,5	1,37260
282,6	1,38190
282,7	1,38990
282,8	1,39760
282,9	1,40460
283,0	1,41290
283,1	1,42420
283,2	1,43480
283,3	1,44100
283,4	1,44670
283,5	1,45390
283,6	1,45760
283,7	1,45750
283,8	1,45790
283,9	1,45830
284,0	1,45720
284,1	1,45500
284,2	1,45340
284,3	1,45200
284,4	1,45040
284,5	1,44890
284,6	1,44780
284,7	1,44660
284,8	1,44590
284,9	1,44590
285,0	1,44510
285,1	1,44200
285,2	1,43800
285,3	1,43470
285,4	1,43180
285,5	1,42970
285,6	1,42860
285,7	1,42700
285,8	1,42420
285,9	1,42200
286,0	1,42080
286,1	1,41840
286,2	1,41510
286,3	1,41240
286,4	1,41080
286,5	1,40970
286,6	1,40890
286,7	1,40820
286,8	1,40590
286,9	1,40200
287,0	1,39990
287,1	1,39800
287,2	1,39470
287,3	1,39150
287,4	1,38930
287,5	1,38760
287,6	1,38560
287,7	1,38350
287,8	1,38080
287,9	1,37750
288,0	1,37560
288,1	1,37440
288,2	1,37250
288,3	1,37100
288,4	1,37010
288,5	1,36830
288,6	1,36500
288,7	1,36210
288,8	1,35930
288,9	1,35580
289,0	1,35280
289,1	1,35090
289,2	1,34820
289,3	1,34500
289,4	1,34240
289,5	1,34020
289,6	1,33730
289,7	1,33430
289,8	1,33230
289,9	1,32980
290,0	1,32710
290,1	1,32480
290,2	1,32190
290,3	1,31820
290,4	1,31510
290,5	1,31370
290,6	1,31220
290,7	1,30970
290,8	1,30680
290,9	1,30410
291,0	1,30130
291,1	1,29860
291,2	1,29630
291,3	1,29370
291,4	1,29180
291,5	1,29070
291,6	1,28930
291,7	1,28580
291,8	1,28090
291,9	1,27630
292,0	1,27260
292,1	1,27050
292,2	1,26900
292,3	1,26620
292,4	1,26190
292,5	1,25820
292,6	1,25590
292,7	1,25350
292,8	1,24970
292,9	1,24610
293,0	1,24310
293,1	1,23960
293,2	1,23660
293,3	1,23410
293,4	1,23010
293,5	1,22610
293,6	1,22350
293,7	1,22170
293,8	1,21940
293,9	1,21680
294,0	1,21460
294,1	1,21140
294,2	1,20760
294,3	1,20500
294,4	1,20210
294,5	1,19810
294,6	1,19440
294,7	1,19090
294,8	1,18770
294,9	1,18530
295,0	1,18240
295,1	1,17770
295,2	1,17270
295,3	1,16970
295,4	1,16810
295,5	1,16530
295,6	1,16120
295,7	1,15720
295,8	1,15370
295,9	1,15080
296,0	1,14850
296,1	1,14520
296,2	1,14120
296,3	1,13790
296,4	1,13590
296,5	1,13460
296,6	1,13070
296,7	1,12470
296,8	1,12030
296,9	1,11780
297,0	1,11610
297,1	1,11320
297,2	1,10830
297,3	1,10330
297,4	1,09990
297,5	1,09800
297,6	1,09580
297,7	1,09200
297,8	1,08750
297,9	1,08320
298,0	1,07980
298,1	1,07700
298,2	1,07290
298,3	1,06730
298,4	1,06280
298,5	1,06010
298,6	1,05860
298,7	1,05660
298,8	1,05280
298,9	1,04770
299,0	1,04270
299,1	1,03950
299,2	1,03620
299,3	1,03140
299,4	1,02700
299,5	1,02370
299,6	1,02080
299,7	1,01760
299,8	1,01370
299,9	1,00890
300,0	1,00330
300,1	0,99970
300,2	0,99830
300,3	0,99530
300,4	0,99030
300,5	0,98600
300,6	0,98290
300,7	0,98000
300,8	0,97770
300,9	0,97400
301,0	0,96810
301,1	0,96300
301,2	0,95990
301,3	0,95640
301,4	0,95140
301,5	0,94660
301,6	0,94290
301,7	0,93820
301,8	0,93380
301,9	0,93110
302,0	0,92750
302,1	0,92280
302,2	0,91900
302,3	0,91560
302,4	0,91100
302,5	0,90650
302,6	0,90350
302,7	0,90070
302,8	0,89690
302,9	0,89340
303,0	0,88930
303,1	0,88310
303,2	0,87730
303,3	0,87360
303,4	0,86960
303,5	0,86560
303,6	0,86280
303,7	0,85900
303,8	0,85280
303,9	0,84730
304,0	0,84400
304,1	0,84020
304,2	0,83570
304,3	0,83230
304,4	0,82870
304,5	0,82500
304,6	0,82210
304,7	0,81830
304,8	0,81220
304,9	0,80620
305,0	0,80290
305,1	0,79970
305,2	0,79430
305,3	0,78890
305,4	0,78570
305,5	0,78230
305,6	0,77730
305,7	0,77260
305,8	0,76840
305,9	0,76290
306,0	0,75840
306,1	0,75570
306,2	0,75150
306,3	0,74680
306,4	0,74390
306,5	0,74030
306,6	0,73440
306,7	0,72930
306,8	0,72500
306,9	0,71890
307,0	0,71310
307,1	0,70980
307,2	0,70650
307,3	0,70070
307,4	0,69540
307,5	0,69240
307,6	0,68850
307,7	0,68330
307,8	0,67890
307,9	0,67450
308,0	0,66980
308,1	0,66680
308,2	0,66490
308,3	0,66030
308,4	0,65300
308,5	0,64710
308,6	0,64280
308,7	0,63820
308,8	0,63330
308,9	0,62960
309,0	0,62510
309,1	0,61970
309,2	0,61620
309,3	0,61260
309,4	0,60650
309,5	0,60020
309,6	0,59610
309,7	0,59260
309,8	0,58930
309,9	0,58720
310,0	0,58250
310,1	0,57470
310,2	0,56900
310,3	0,56610
310,4	0,56120
310,5	0,55470
310,6	0,54960
310,7	0,54510
310,8	0,54060
310,9	0,53670
311,0	0,53230
311,1	0,52580
311,2	0,51950
311,3	0,51670
311,4	0,51470
311,5	0,50970
311,6	0,50440
311,7	0,49990
311,8	0,49420
311,9	0,48890
312,0	0,48570
312,1	0,48110
312,2	0,47490
312,3	0,47130
312,4	0,46990
312,5	0,46540
312,6	0,45710
312,7	0,45000
312,8	0,44510
312,9	0,44130
313,0	0,43850
313,1	0,43560
313,2	0,42850
313,3	0,42070
313,4	0,41780
313,5	0,41510
313,6	0,40820
313,7	0,40120
313,8	0,39700
313,9	0,39240
314,0	0,38790
314,1	0,38490
314,2	0,37930
314,3	0,37120
314,4	0,36640
314,5	0,36470
314,6	0,36130
314,7	0,35640
314,8	0,35180
314,9	0,34610
315,0	0,34020
315,1	0,33660
315,2	0,33280
315,3	0,32580
315,4	0,31850
315,5	0,31490
315,6	0,31190
315,7	0,30610
315,8	0,30050
315,9	0,29550
316,0	0,28950
316,1	0,28510
316,2	0,28320
316,3	0,27960
316,4	0,27130
316,5	0,26470
316,6	0,26180
316,7	0,25760
316,8	0,25220
316,9	0,24740
317,0	0,24130
317,1	0,23440
317,2	0,23120
317,3	0,22900
317,4	0,22210
317,5	0,21420
317,6	0,20990
317,7	0,20720
317,8	0,20330
317,9	0,19970
318,0	0,19460
318,1	0,18790
318,2	0,18660
318,3	0,18950
318,4	0,18810
318,5	0,18460
318,6	0,18630
318,7	0,19060
318,8	0,19310
318,9	0,19510
319,0	0,19790
319,1	0,20140
319,2	0,20580
319,3	0,21150
319,4	0,21660
319,5	0,21930
319,6	0,22180
319,7	0,22570
319,8	0,22980
319,9	0,23340
320,0	0,23740
320,1	0,24170
320,2	0,24560
320,3	0,25040
320,4	0,25610
320,5	0,26020
320,6	0,26280
320,7	0,26660
320,8	0,27100
320,9	0,27510
321,0	0,27900
321,1	0,28250
321,2	0,28480
321,3	0,28760
321,4	0,29230
321,5	0,29710
321,6	0,30000
321,7	0,30300
321,8	0,30810
321,9	0,31340
322,0	0,31700
322,1	0,32000
322,2	0,32240
322,3	0,32560
322,4	0,33200
322,5	0,33940
322,6	0,34410
322,7	0,34660
322,8	0,34880
322,9	0,35190
323,0	0,35550
323,1	0,35870
323,2	0,36160
323,3	0,36440
323,4	0,36890
323,5	0,37510
323,6	0,37910
323,7	0,38060
323,8	0,38330
323,9	0,38720
324,0	0,39150
324,1	0,39640
324,2	0,40160
324,3	0,40460
324,4	0,40630
324,5	0,41160
324,6	0,41870
324,7	0,42310
324,8	0,42540
324,9	0,42760
325,0	0,43030
325,1	0,43420
325,2	0,43930
325,3	0,44230
325,4	0,44260
325,5	0,44490
325,6	0,45220
325,7	0,45970
325,8	0,46360
325,9	0,46600
326,0	0,46760
326,1	0,46910
326,2	0,47280
326,3	0,47790
326,4	0,48040
326,5	0,48190
326,6	0,48650
326,7	0,49360
326,8	0,49950
326,9	0,50290
327,0	0,50510
327,1	0,50650
327,2	0,50930
327,3	0,51460
327,4	0,51870
327,5	0,51940
327,6	0,52060
327,7	0,52500
327,8	0,53020
327,9	0,53420
328,0	0,53670
328,1	0,53800
328,2	0,54040
328,3	0,54650
328,4	0,55250
328,5	0,55440
328,6	0,55470
328,7	0,55790
328,8	0,56350
328,9	0,56860
329,0	0,57280
329,1	0,57580
329,2	0,57900
329,3	0,58270
329,4	0,58660
329,5	0,58940
329,6	0,59040
329,7	0,59210
329,8	0,59590
329,9	0,60030
330,0	0,60410
330,1	0,60680
330,2	0,60910
330,3	0,61340
330,4	0,61860
330,5	0,62230
330,6	0,62440
330,7	0,62660
330,8	0,63010
330,9	0,63370
331,0	0,63700
331,1	0,63990
331,2	0,64210
331,3	0,64470
331,4	0,64990
331,5	0,65600
331,6	0,66020
331,7	0,66240
331,8	0,66410
331,9	0,66630
332,0	0,66910
332,1	0,67170
332,2	0,67320
332,3	0,67500
332,4	0,67930
332,5	0,68480
332,6	0,68840
332,7	0,68960
332,8	0,69080
332,9	0,69360
333,0	0,69760
333,1	0,70210
333,2	0,70510
333,3	0,70590
333,4	0,70830
333,5	0,71390
333,6	0,71860
333,7	0,71950
333,8	0,72020
333,9	0,72390
334,0	0,72990
334,1	0,73560
334,2	0,73900
334,3	0,74000
334,4	0,74010
334,5	0,74300
334,6	0,74780
334,7	0,75000
334,8	0,75030
334,9	0,75260
335,0	0,75620
335,1	0,76010
335,2	0,76460
335,3	0,76630
335,4	0,76500
335,5	0,76800
335,6	0,77510
335,7	0,77990
335,8	0,78140
335,9	0,78180
336,0	0,78330
336,1	0,78650
336,2	0,79120
336,3	0,79480
336,4	0,79490
336,5	0,79540
336,6	0,80040
336,7	0,80710
336,8	0,81000
336,9	0,80970
337,0	0,81010
337,1	0,81310
337,2	0,81780
337,3	0,82260
337,4	0,82420
337,5	0,82310
337,6	0,82430
337,7	0,82880
337,8	0,83310
337,9	0,83510
338,0	0,83570
338,1	0,83640
338,2	0,83920
338,3	0,84480
338,4	0,84890
338,5	0,84830
338,6	0,84750
338,7	0,85090
338,8	0,85580
338,9	0,86000
339,0	0,86280
339,1	0,86310
339,2	0,86290
339,3	0,86650
339,4	0,87220
339,5	0,87400
339,6	0,87320
339,7	0,87460
339,8	0,87910
339,9	0,88500
340,0	0,89000
340,1	0,89080
340,2	0,88800
340,3	0,88870
340,4	0,89420
340,5	0,89890
340,6	0,90040
340,7	0,90010
340,8	0,90090
340,9	0,90370
341,0	0,90740
341,1	0,90990
341,2	0,91010
341,3	0,91010
341,4	0,91370
341,5	0,91940
341,6	0,92210
341,7	0,92110
341,8	0,92050
341,9	0,92210
342,0	0,92630
342,1	0,93130
342,2	0,93360
342,3	0,93230
342,4	0,93200
342,5	0,93640
342,6	0,94090
342,7	0,94140
342,8	0,94070
342,9	0,94230
343,0	0,94630
343,1	0,95150
343,2	0,95480
343,3	0,95340
343,4	0,95060
343,5	0,95350
343,6	0,96140
343,7	0,96560
343,8	0,96440
343,9	0,96310
344,0	0,96480
344,1	0,96900
344,2	0,97290
344,3	0,97500
344,4	0,97490
344,5	0,97520
344,6	0,97860
344,7	0,98260
344,8	0,98340
344,9	0,98200
345,0	0,98090
345,1	0,98210
345,2	0,98680
345,3	0,99140
345,4	0,99160
345,5	0,98980
345,6	0,99090
345,7	0,99430
345,8	0,99710
345,9	0,99780
346,0	0,99720
346,1	0,99780
346,2	1,00150
346,3	1,00640
346,4	1,00810
346,5	1,00610
346,6	1,00460
346,7	1,00690
346,8	1,01140
346,9	1,01510
347,0	1,01580
347,1	1,01440
347,2	1,01460
347,3	1,01820
347,4	1,02220
347,5	1,02250
347,6	1,02060
347,7	1,02080
347,8	1,02430
347,9	1,02900
348,0	1,03120
348,1	1,02950
348,2	1,02740
348,3	1,02920
348,4	1,03400
348,5	1,03730
348,6	1,03710
348,7	1,03580
348,8	1,03650
348,9	1,04050
349,0	1,04520
349,1	1,04490
349,2	1,04140
349,3	1,04230
349,4	1,04740
349,5	1,05160
349,6	1,05280
349,7	1,05070
349,8	1,04920
349,9	1,05110
350,0	1,05470
350,1	1,05690
350,2	1,05680
350,3	1,05620
350,4	1,05680
350,5	1,05910
350,6	1,06050
350,7	1,05970
350,8	1,05820
350,9	1,05870
351,0	1,06250
351,1	1,06680
351,2	1,06680
351,3	1,06370
351,4	1,06240
351,5	1,06480
351,6	1,06860
351,7	1,07040
351,8	1,06950
351,9	1,06810
352,0	1,06890
352,1	1,07220
352,2	1,07430
352,3	1,07270
352,4	1,07110
352,5	1,07260
352,6	1,07600
352,7	1,07940
352,8	1,07990
352,9	1,07700
353,0	1,07470
353,1	1,07670
353,2	1,08150
353,3	1,08380
353,4	1,08190
353,5	1,08010
353,6	1,08040
353,7	1,08340
353,8	1,08690
353,9	1,08650
354,0	1,08300
354,1	1,08300
354,2	1,08720
354,3	1,09080
354,4	1,09130
354,5	1,08840
354,6	1,08590
354,7	1,08760
354,8	1,09100
354,9	1,09330
355,0	1,09290
355,1	1,09120
355,2	1,09180
355,3	1,09360
355,4	1,09450
355,5	1,09410
355,6	1,09290
355,7	1,09270
355,8	1,09400
355,9	1,09520
356,0	1,09540
356,1	1,09380
356,2	1,09250
356,3	1,09330
356,4	1,09470
356,5	1,09560
356,6	1,09560
356,7	1,09510
356,8	1,09490
356,9	1,09570
357,0	1,09640
357,1	1,09590
357,2	1,09530
357,3	1,09540
357,4	1,09690
357,5	1,09830
357,6	1,09750
357,7	1,09610
357,8	1,09510
357,9	1,09510
358,0	1,09680
358,1	1,09790
358,2	1,09730
358,3	1,09630
358,4	1,09590
358,5	1,09640
358,6	1,09660
358,7	1,09620
358,8	1,09560
358,9	1,09540
359,0	1,09650
359,1	1,09830
359,2	1,09810
359,3	1,09610
359,4	1,09450
359,5	1,09450
359,6	1,09530
359,7	1,09550
359,8	1,09530
359,9	1,09500
360,0	1,09470
360,1	1,09520
360,2	1,09560
360,3	1,09420
360,4	1,09270
360,5	1,09310
360,6	1,09410
360,7	1,09470
360,8	1,09470
360,9	1,09300
361,0	1,08960
361,1	1,08900
361,2	1,09160
361,3	1,09280
361,4	1,09120
361,5	1,09020
361,6	1,09150
361,7	1,09200
361,8	1,09090
361,9	1,08870
362,0	1,08530
362,1	1,08410
362,2	1,08690
362,3	1,09000
362,4	1,08810
362,5	1,08290
362,6	1,08000
362,7	1,08020
362,8	1,08080
362,9	1,08100
363,0	1,08030
363,1	1,07870
363,2	1,07770
363,3	1,07820
363,4	1,07790
363,5	1,07470
363,6	1,07240
363,7	1,07290
363,8	1,07430
363,9	1,07530
364,0	1,07490
364,1	1,07200
364,2	1,06860
364,3	1,06850
364,4	1,07060
364,5	1,07020
364,6	1,06760
364,7	1,06670
364,8	1,06660
364,9	1,06620
365,0	1,06600
365,1	1,06430
365,2	1,06100
365,3	1,05990
365,4	1,06200
365,5	1,06280
365,6	1,06050
365,7	1,05820
365,8	1,05710
365,9	1,05660
366,0	1,05650
366,1	1,05660
366,2	1,05540
366,3	1,05340
366,4	1,05330
366,5	1,05440
366,6	1,05270
366,7	1,04820
366,8	1,04620
366,9	1,04640
367,0	1,04690
367,1	1,04810
367,2	1,04650
367,3	1,04150
367,4	1,03820
367,5	1,03840
367,6	1,03840
367,7	1,03630
367,8	1,03470
367,9	1,03430
368,0	1,03290
368,1	1,03170
368,2	1,03110
368,3	1,02840
368,4	1,02500
368,5	1,02450
368,6	1,02610
368,7	1,02510
368,8	1,02190
368,9	1,02010
369,0	1,01840
369,1	1,01650
369,2	1,01690
369,3	1,01680
369,4	1,01350
369,5	1,01080
369,6	1,01140
369,7	1,01130
369,8	1,00790
369,9	1,00500
370,0	1,00330
370,1	1,00140
370,2	1,00160
370,3	1,00250
370,4	0,99990
370,5	0,99490
370,6	0,99360
370,7	0,99490
370,8	0,99350
370,9	0,99060
371,0	0,98920
371,1	0,98810
371,2	0,98710
371,3	0,98680
371,4	0,98510
371,5	0,98140
371,6	0,97920
371,7	0,97920
371,8	0,97940
371,9	0,97860
372,0	0,97710
372,1	0,97470
372,2	0,97230
372,3	0,97190
372,4	0,97140
372,5	0,96750
372,6	0,96240
372,7	0,96080
372,8	0,96150
372,9	0,96010
373,0	0,95600
373,1	0,95230
373,2	0,95010
373,3	0,94890
373,4	0,94920
373,5	0,94840
373,6	0,94460
373,7	0,94090
373,8	0,93950
373,9	0,93920
374,0	0,93700
374,1	0,93340
374,2	0,93050
374,3	0,92880
374,4	0,92890
374,5	0,92900
374,6	0,92530
374,7	0,91940
374,8	0,91680
374,9	0,91770
375,0	0,91790
375,1	0,91560
375,2	0,91210
375,3	0,90870
375,4	0,90710
375,5	0,90740
375,6	0,90600
375,7	0,90260
375,8	0,90040
375,9	0,90040
376,0	0,90030
376,1	0,89890
376,2	0,89560
376,3	0,89010
376,4	0,88560
376,5	0,88530
376,6	0,88640
376,7	0,88340
376,8	0,87810
376,9	0,87510
377,0	0,87420
377,1	0,87250
377,2	0,86960
377,3	0,86600
377,4	0,86230
377,5	0,86050
377,6	0,86170
377,7	0,86100
377,8	0,85560
377,9	0,85060
378,0	0,84870
378,1	0,84760
378,2	0,84640
378,3	0,84470
378,4	0,84070
378,5	0,83680
378,6	0,83650
378,7	0,83630
378,8	0,83230
378,9	0,82740
379,0	0,82470
379,1	0,82340
379,2	0,82270
379,3	0,82250
379,4	0,82010
379,5	0,81390
379,6	0,80930
379,7	0,81020
379,8	0,81040
379,9	0,80620
380,0	0,80120
380,1	0,79810
380,2	0,79690
380,3	0,79570
380,4	0,79330
380,5	0,78930
380,6	0,78540
380,7	0,78380
380,8	0,78390
380,9	0,78340
381,0	0,77870
381,1	0,77250
381,2	0,76870
381,3	0,76720
381,4	0,76640
381,5	0,76390
381,6	0,75970
381,7	0,75630
381,8	0,75570
381,9	0,75530
382,0	0,75160
382,1	0,74690
382,2	0,74420
382,3	0,74310
382,4	0,74290
382,5	0,74280
382,6	0,73830
382,7	0,73010
382,8	0,72580
382,9	0,72580
383,0	0,72440
383,1	0,72020
383,2	0,71630
383,3	0,71380
383,4	0,71240
383,5	0,71160
383,6	0,70870
383,7	0,70160
383,8	0,69540
383,9	0,69510
384,0	0,69640
384,1	0,69410
384,2	0,68880
384,3	0,68340
384,4	0,68030
384,5	0,67910
384,6	0,67780
384,7	0,67440
384,8	0,67000
384,9	0,66770
385,0	0,66750
385,1	0,66710
385,2	0,66310
385,3	0,65640
385,4	0,65120
385,5	0,64900
385,6	0,64990
385,7	0,64930
385,8	0,64310
385,9	0,63660
386,0	0,63440
386,1	0,63330
386,2	0,63080
386,3	0,62780
386,4	0,62450
386,5	0,62100
386,6	0,62010
386,7	0,62130
386,8	0,61720
386,9	0,60760
387,0	0,60090
387,1	0,60070
387,2	0,60120
387,3	0,59850
387,4	0,59440
387,5	0,59010
387,6	0,58690
387,7	0,58600
387,8	0,58540
387,9	0,57900
388,0	0,57030
388,1	0,56790
388,2	0,56920
388,3	0,56800
388,4	0,56330
388,5	0,55680
388,6	0,55040
388,7	0,54790
388,8	0,55000
388,9	0,54900
389,0	0,54190
389,1	0,53570
389,2	0,53430
389,3	0,53340
389,4	0,53020
389,5	0,52540
389,6	0,51940
389,7	0,51540
389,8	0,51590
389,9	0,51660
390,0	0,51250
390,1	0,50460
390,2	0,50010
390,3	0,50020
390,4	0,50000
390,5	0,49730
390,6	0,49150
390,7	0,48450
390,8	0,48100
390,9	0,48160
391,0	0,48020
391,1	0,47450
391,2	0,46890
391,3	0,46670
391,4	0,46680
391,5	0,46620
391,6	0,46180
391,7	0,45340
391,8	0,44610
391,9	0,44460
392,0	0,44550
392,1	0,44230
392,2	0,43670
392,3	0,43310
392,4	0,43130
392,5	0,43030
392,6	0,42850
392,7	0,42250
392,8	0,41380
392,9	0,40910
393,0	0,40910
393,1	0,40890
393,2	0,40410
393,3	0,39640
393,4	0,39080
393,5	0,38890
393,6	0,38940
393,7	0,38710
393,8	0,37990
393,9	0,37320
394,0	0,37160
394,1	0,37190
394,2	0,36910
394,3	0,36340
394,4	0,35820
394,5	0,35510
394,6	0,35410
394,7	0,35380
394,8	0,34930
394,9	0,34070
395,0	0,33530
395,1	0,33480
395,2	0,33430
395,3	0,33050
395,4	0,32410
395,5	0,31830
395,6	0,31580
395,7	0,31580
395,8	0,31380
395,9	0,30690
396,0	0,30000
396,1	0,29730
396,2	0,29700
396,3	0,29530
396,4	0,29050
396,5	0,28400
396,6	0,27900
396,7	0,27780
396,8	0,27800
396,9	0,27520
397,0	0,26830
397,1	0,26170
397,2	0,25920
397,3	0,25820
397,4	0,25570
397,5	0,25020
397,6	0,24330
397,7	0,23940
397,8	0,23870
397,9	0,23730
398,0	0,23210
398,1	0,22550
398,2	0,22110
398,3	0,21910
398,4	0,21790
398,5	0,21490
398,6	0,20880
398,7	0,20280
398,8	0,20040
398,9	0,20010
399,0	0,19830
399,1	0,19280
399,2	0,18880
399,3	0,19040
399,4	0,19290
399,5	0,19400
399,6	0,19290
399,7	0,19180
399,8	0,19300
399,9	0,19660
400,0	0,19960
400,1	0,19930
400,2	0,19760
400,3	0,19830
400,4	0,20130
400,5	0,20360
400,6	0,20390
400,7	0,20320
400,8	0,20380
400,9	0,20720
401,0	0,21080
401,1	0,21160
401,2	0,21000
401,3	0,20960
401,4	0,21210
401,5	0,21580
401,6	0,21850
401,7	0,21870
401,8	0,21770
401,9	0,21850
402,0	0,22170
402,1	0,22440
402,2	0,22440
402,3	0,22400
402,4	0,22580
402,5	0,22920
402,6	0,23200
402,7	0,23320
402,8	0,23170
402,9	0,23020
403,0	0,23280
403,1	0,23730
403,2	0,23930
403,3	0,23840
403,4	0,23780
403,5	0,23930
403,6	0,24170
403,7	0,24400
403,8	0,24470
403,9	0,24340
404,0	0,24420
404,1	0,24890
404,2	0,25280
404,3	0,25260
404,4	0,25050
404,5	0,25070
404,6	0,25280
404,7	0,25670
404,8	0,26050
404,9	0,26000
405,0	0,25780
405,1	0,26010
405,2	0,26510
405,3	0,26690
405,4	0,26590
405,5	0,26550
405,6	0,26710
405,7	0,26960
405,8	0,27210
405,9	0,27330
406,0	0,27200
406,1	0,27120
406,2	0,27320
406,3	0,27610
406,4	0,27740
406,5	0,27690
406,6	0,27600
406,7	0,27690
406,8	0,27980
406,9	0,28260
407,0	0,28210
407,1	0,27990
407,2	0,28090
407,3	0,28520
407,4	0,28860
407,5	0,28910
407,6	0,28780
407,7	0,28620
407,8	0,28720
407,9	0,29150
408,0	0,29420
408,1	0,29260
408,2	0,29200
408,3	0,29500
408,4	0,29770
408,5	0,29840
408,6	0,29820
408,7	0,29680
408,8	0,29640
408,9	0,30030
409,0	0,30520
409,1	0,30520
409,2	0,30200
409,3	0,30170
409,4	0,30450
409,5	0,30680
409,6	0,30820
409,7	0,30890
409,8	0,30820
409,9	0,30880
410,0	0,31250
410,1	0,31500
410,2	0,31240
410,3	0,30990
410,4	0,31230
410,5	0,31650
410,6	0,31910
410,7	0,32000
410,8	0,31850
410,9	0,31640
411,0	0,31800
411,1	0,32260
411,2	0,32410
411,3	0,32200
411,4	0,32210
411,5	0,32520
411,6	0,32770
411,7	0,32820
411,8	0,32700
411,9	0,32530
412,0	0,32580
412,1	0,32980
412,2	0,33300
412,3	0,33200
412,4	0,33070
412,5	0,33120
412,6	0,33250
412,7	0,33390
412,8	0,33540
412,9	0,33590
413,0	0,33490
413,1	0,33730
413,2	0,34200
413,3	0,34260
413,4	0,33950
413,5	0,33910
413,6	0,34200
413,7	0,34510
413,8	0,34780
413,9	0,34820
414,0	0,34540
414,1	0,34460
414,2	0,34730
414,3	0,34940
414,4	0,34970
414,5	0,34960
414,6	0,35040
414,7	0,35120
414,8	0,35180
414,9	0,35200
415,0	0,35160
415,1	0,35080
415,2	0,35170
415,3	0,35490
415,4	0,35620
415,5	0,35470
415,6	0,35340
415,7	0,35330
415,8	0,35490
415,9	0,35690
416,0	0,35740
416,1	0,35580
416,2	0,35520
416,3	0,35790
416,4	0,36090
416,5	0,36000
416,6	0,35720
416,7	0,35710
416,8	0,35930
416,9	0,36190
417,0	0,36360
417,1	0,36300
417,2	0,36080
417,3	0,36060
417,4	0,36380
417,5	0,36610
417,6	0,36530
417,7	0,36380
417,8	0,36430
417,9	0,36610
418,0	0,36810
418,1	0,36920
418,2	0,36730
418,3	0,36500
418,4	0,36650
418,5	0,37050
418,6	0,37160
418,7	0,36990
418,8	0,36890
418,9	0,36920
419,0	0,37070
419,1	0,37300
419,2	0,37330
419,3	0,37030
419,4	0,36920
419,5	0,37220
419,6	0,37490
419,7	0,37430
419,8	0,37260
419,9	0,37200
420,0	0,37320
420,1	0,37580
420,2	0,37760
420,3	0,37620
420,4	0,37340
420,5	0,37360
420,6	0,37640
420,7	0,37830
420,8	0,37780
420,9	0,37600
421,0	0,37500
421,1	0,37680
421,2	0,37980
421,3	0,38040
421,4	0,37760
421,5	0,37540
421,6	0,37730
421,7	0,38080
421,8	0,38190
421,9	0,37970
422,0	0,37660
422,1	0,37650
422,2	0,37990
422,3	0,38310
422,4	0,38180
422,5	0,37810
422,6	0,37790
422,7	0,38140
422,8	0,38400
422,9	0,38380
423,0	0,38150
423,1	0,37890
423,2	0,38050
423,3	0,38520
423,4	0,38660
423,5	0,38350
423,6	0,38060
423,7	0,38140
423,8	0,38470
423,9	0,38720
424,0	0,38660
424,1	0,38290
424,2	0,38050
424,3	0,38350
424,4	0,38770
424,5	0,38700
424,6	0,38330
424,7	0,38120
424,8	0,38240
424,9	0,38580
425,0	0,38750
425,1	0,38540
425,2	0,38170
425,3	0,38130
425,4	0,38530
425,5	0,38860
425,6	0,38660
425,7	0,38260
425,8	0,38210
425,9	0,38490
426,0	0,38810
426,1	0,38830
426,2	0,38440
426,3	0,38130
426,4	0,38350
426,5	0,38770
426,6	0,38810
426,7	0,38460
426,8	0,38200
426,9	0,38310
427,0	0,38610
427,1	0,38820
427,2	0,38680
427,3	0,38250
427,4	0,38110
427,5	0,38460
427,6	0,38790
427,7	0,38660
427,8	0,38280
427,9	0,38130
428,0	0,38320
428,1	0,38660
428,2	0,38770
428,3	0,38480
428,4	0,38080
428,5	0,38100
428,6	0,38500
428,7	0,38640
428,8	0,38350
428,9	0,38040
429,0	0,38060
429,1	0,38340
429,2	0,38570
429,3	0,38430
429,4	0,38000
429,5	0,37810
429,6	0,38160
429,7	0,38570
429,8	0,38480
429,9	0,38040
430,0	0,37740
430,1	0,37820
430,2	0,38140
430,3	0,38290
430,4	0,38010
430,5	0,37620
430,6	0,37640
430,7	0,38050
430,8	0,38200
430,9	0,37910
431,0	0,37530
431,1	0,37420
431,2	0,37660
431,3	0,38020
431,4	0,38040
431,5	0,37560
431,6	0,37240
431,7	0,37460
431,8	0,37780
431,9	0,37820
432,0	0,37590
432,1	0,37340
432,2	0,37290
432,3	0,37590
432,4	0,37850
432,5	0,37550
432,6	0,37010
432,7	0,36920
432,8	0,37300
432,9	0,37650
433,0	0,37560
433,1	0,37120
433,2	0,36700
433,3	0,36730
433,4	0,37170
433,5	0,37360
433,6	0,36960
433,7	0,36520
433,8	0,36610
433,9	0,36960
434,0	0,37050
434,1	0,36790
434,2	0,36360
434,3	0,36150
434,4	0,36520
434,5	0,37010
434,6	0,36870
434,7	0,36310
434,8	0,36000
434,9	0,36160
435,0	0,36510
435,1	0,36560
435,2	0,36180
435,3	0,35770
435,4	0,35810
435,5	0,36200
435,6	0,36340
435,7	0,36020
435,8	0,35630
435,9	0,35510
436,0	0,35840
436,1	0,36220
436,2	0,36090
436,3	0,35600
436,4	0,35270
436,5	0,35420
436,6	0,35740
436,7	0,35750
436,8	0,35490
436,9	0,35240
437,0	0,35220
437,1	0,35470
437,2	0,35580
437,3	0,35190
437,4	0,34720
437,5	0,34710
437,6	0,35010
437,7	0,35220
437,8	0,35150
437,9	0,34660
438,0	0,34230
438,1	0,34410
438,2	0,34830
438,3	0,34840
438,4	0,34310
438,5	0,33900
438,6	0,34120
438,7	0,34570
438,8	0,34660
438,9	0,34240
439,0	0,33590
439,1	0,33420
439,2	0,33940
439,3	0,34370
439,4	0,33990
439,5	0,33260
439,6	0,33010
439,7	0,33310
439,8	0,33650
439,9	0,33550
440,0	0,33050
440,1	0,32640
440,2	0,32760
440,3	0,33240
440,4	0,33300
440,5	0,32700
440,6	0,32140
440,7	0,32200
440,8	0,32650
440,9	0,32890
441,0	0,32580
441,1	0,32010
441,2	0,31750
441,3	0,32020
441,4	0,32360
441,5	0,32170
441,6	0,31570
441,7	0,31250
441,8	0,31470
441,9	0,31800
442,0	0,31790
442,1	0,31330
442,2	0,30790
442,3	0,30760
442,4	0,31240
442,5	0,31510
442,6	0,31140
442,7	0,30550
442,8	0,30370
442,9	0,30650
443,0	0,30930
443,1	0,30780
443,2	0,30260
443,3	0,29890
443,4	0,30070
443,5	0,30530
443,6	0,30510
443,7	0,29840
443,8	0,29240
443,9	0,29290
444,0	0,29740
444,1	0,29950
444,2	0,29600
444,3	0,29020
444,4	0,28830
444,5	0,29150
444,6	0,29480
444,7	0,29270
444,8	0,28650
444,9	0,28330
445,0	0,28620
445,1	0,29060
445,2	0,28950
445,3	0,28350
445,4	0,27910
445,5	0,28020
445,6	0,28460
445,7	0,28610
445,8	0,28230
445,9	0,27650
446,0	0,27470
446,1	0,27800
446,2	0,28020
446,3	0,27700
446,4	0,27190
446,5	0,27020
446,6	0,27260
446,7	0,27520
446,8	0,27390
446,9	0,26720
447,0	0,26110
447,1	0,26320
447,2	0,26870
447,3	0,26840
447,4	0,26300
447,5	0,25780
447,6	0,25670
447,7	0,26100
447,8	0,26430
447,9	0,26030
448,0	0,25250
448,1	0,24880
448,2	0,25370
448,3	0,25910
448,4	0,25600
448,5	0,24810
448,6	0,24360
448,7	0,24570
448,8	0,24980
448,9	0,24940
449,0	0,24390
449,1	0,23870
449,2	0,23810
449,3	0,24260
449,4	0,24530
449,5	0,24020
449,6	0,23240
449,7	0,23070
449,8	0,23520
449,9	0,23860
450,0	0,23600
450,1	0,22910
450,2	0,22440
450,3	0,22620
450,4	0,23050
450,5	0,22950
450,6	0,22290
450,7	0,21780
450,8	0,21820
450,9	0,22320
451,0	0,22570
451,1	0,21980
451,2	0,21220
451,3	0,21080
451,4	0,21460
451,5	0,21740
451,6	0,21490
451,7	0,20880
451,8	0,20480
451,9	0,20660
452,0	0,21010
452,1	0,20900
452,2	0,20360
452,3	0,19950
452,4	0,20020
452,5	0,20410
452,6	0,20470
452,7	0,19950
452,8	0,19330
452,9	0,19200
453,0	0,19510
453,1	0,19700
453,2	0,19450
453,3	0,19060
453,4	0,19140
453,5	0,19840
453,6	0,20530
453,7	0,20630
453,8	0,20440
453,9	0,20740
454,0	0,21780
454,1	0,22790
454,2	0,23180
454,3	0,23180
454,4	0,23330
454,5	0,24090
454,6	0,25280
454,7	0,25980
454,8	0,25940
454,9	0,26030
455,0	0,26670
455,1	0,27610
455,2	0,28380
455,3	0,28570
455,4	0,28480
455,5	0,28740
455,6	0,29700
455,7	0,30810
455,8	0,31170
455,9	0,31070
456,0	0,31360
456,1	0,32150
456,2	0,33110
456,3	0,33920
456,4	0,34090
456,5	0,33930
456,6	0,34400
456,7	0,35500
456,8	0,36320
456,9	0,36350
457,0	0,36260
457,1	0,36750
457,2	0,37640
457,3	0,38550
457,4	0,39060
457,5	0,38970
457,6	0,38970
457,7	0,39920
457,8	0,41220
457,9	0,41610
458,0	0,41430
458,1	0,41730
458,2	0,42440
458,3	0,43260
458,4	0,44010
458,5	0,44230
458,6	0,44050
458,7	0,44440
458,8	0,45560
458,9	0,46440
459,0	0,46740
459,1	0,46810
459,2	0,47060
459,3	0,47720
459,4	0,48750
459,5	0,49430
459,6	0,49270
459,7	0,49170
459,8	0,49900
459,9	0,51050
460,0	0,51680
460,1	0,51630
460,2	0,51600
460,3	0,52090
460,4	0,52990
460,5	0,53850
460,6	0,54180
460,7	0,54030
460,8	0,54280
460,9	0,55280
461,0	0,56260
461,1	0,56560
461,2	0,56500
461,3	0,56730
461,4	0,57410
461,5	0,58330
461,6	0,59000
461,7	0,59110
461,8	0,58950
461,9	0,59320
462,0	0,60420
462,1	0,61280
462,2	0,61380
462,3	0,61380
462,4	0,61740
462,5	0,62530
462,6	0,63430
462,7	0,63770
462,8	0,63600
462,9	0,63690
463,0	0,64510
463,1	0,65580
463,2	0,66120
463,3	0,66240
463,4	0,66340
463,5	0,66660
463,6	0,67410
463,7	0,68170
463,8	0,68350
463,9	0,68240
464,0	0,68640
464,1	0,69590
464,2	0,70350
464,3	0,70550
464,4	0,70520
464,5	0,70760
464,6	0,71470
464,7	0,72510
464,8	0,73170
464,9	0,73070
465,0	0,72960
465,1	0,73540
465,2	0,74450
465,3	0,75020
465,4	0,75170
465,5	0,75210
465,6	0,75530
465,7	0,76390
465,8	0,77290
465,9	0,77540
466,0	0,77350
466,1	0,77530
466,2	0,78300
466,3	0,79140
466,4	0,79590
466,5	0,79600
466,6	0,79590
466,7	0,80130
466,8	0,81060
466,9	0,81730
467,0	0,81830
467,1	0,81810
467,2	0,82260
467,3	0,83070
467,4	0,83660
467,5	0,83780
467,6	0,83680
467,7	0,83810
467,8	0,84570
467,9	0,85600
468,0	0,85990
468,1	0,85750
468,2	0,85810
468,3	0,86520
468,4	0,87330
468,5	0,87820
468,6	0,87940
468,7	0,87890
468,8	0,88280
468,9	0,89280
469,0	0,90110
469,1	0,90180
469,2	0,89940
469,3	0,90210
469,4	0,90950
469,5	0,91670
469,6	0,92040
469,7	0,91960
469,8	0,91860
469,9	0,92420
470,0	0,93440
470,1	0,93950
470,2	0,93680
470,3	0,93610
470,4	0,94290
470,5	0,95270
470,6	0,95970
470,7	0,96060
470,8	0,95760
470,9	0,95860
471,0	0,96710
471,1	0,97610
471,2	0,97900
471,3	0,97790
471,4	0,97930
471,5	0,98520
471,6	0,99180
471,7	0,99560
471,8	0,99480
471,9	0,99280
472,0	0,99740
472,1	1,00830
472,2	1,01530
472,3	1,01370
472,4	1,01130
472,5	1,01440
472,6	1,02200
472,7	1,02960
472,8	1,03230
472,9	1,03020
473,0	1,03040
473,1	1,03810
473,2	1,04740
473,3	1,05050
473,4	1,04860
473,5	1,04890
473,6	1,05400
473,7	1,06140
473,8	1,06780
473,9	1,06770
474,0	1,06390
474,1	1,06650
474,2	1,07630
474,3	1,08450
474,4	1,08490
474,5	1,08170
474,6	1,08300
474,7	1,08930
474,8	1,09690
474,9	1,10060
475,0	1,09870
475,1	1,09750
475,2	1,10300
475,3	1,11220
475,4	1,11620
475,5	1,11520
475,6	1,11410
475,7	1,11600
475,8	1,12280
475,9	1,13040
476,0	1,13260
476,1	1,13090
476,2	1,13190
476,3	1,13790
476,4	1,14400
476,5	1,14610
476,6	1,14520
476,7	1,14430
476,8	1,14760
476,9	1,15610
477,0	1,16200
477,1	1,16040
477,2	1,15790
477,3	1,16130
477,4	1,16900
477,5	1,17440
477,6	1,17550
477,7	1,17440
477,8	1,17490
477,9	1,18070
478,0	1,18840
478,1	1,19000
478,2	1,18680
478,3	1,18650
478,4	1,19320
478,5	1,20170
478,6	1,20630
478,7	1,20540
478,8	1,20220
478,9	1,20400
479,0	1,21110
479,1	1,21630
479,2	1,21610
479,3	1,21440
479,4	1,21630
479,5	1,22170
479,6	1,22680
479,7	1,22850
479,8	1,22650
479,9	1,22530
480,0	1,23050
480,1	1,23920
480,2	1,24260
480,3	1,23960
480,4	1,23750
480,5	1,24150
480,6	1,24900
480,7	1,25440
480,8	1,25390
480,9	1,25050
481,0	1,25180
481,1	1,25960
481,2	1,26610
481,3	1,26590
481,4	1,26250
481,5	1,26230
481,6	1,26810
481,7	1,27690
481,8	1,28120
481,9	1,27820
482,0	1,27470
482,1	1,27820
482,2	1,28560
482,3	1,28950
482,4	1,28880
482,5	1,28790
482,6	1,28930
482,7	1,29360
482,8	1,29890
482,9	1,29980
483,0	1,29640
483,1	1,29520
483,2	1,30020
483,3	1,30600
483,4	1,30690
483,5	1,30500
483,6	1,30430
483,7	1,30680
483,8	1,31310
483,9	1,31810
484,0	1,31660
484,1	1,31300
484,2	1,31540
484,3	1,32270
484,4	1,32750
484,5	1,32680
484,6	1,32370
484,7	1,32290
484,8	1,32700
484,9	1,33350
485,0	1,33630
485,1	1,33360
485,2	1,33190
485,3	1,33580
485,4	1,34130
485,5	1,34360
485,6	1,34230
485,7	1,34010
485,8	1,34100
485,9	1,34800
486,0	1,35460
486,1	1,35330
486,2	1,34810
486,3	1,34730
486,4	1,35340
486,5	1,36040
486,6	1,36240
486,7	1,35950
486,8	1,35650
486,9	1,35910
487,0	1,36530
487,1	1,36820
487,2	1,36530
487,3	1,36230
487,4	1,36480
487,5	1,37000
487,6	1,37400
487,7	1,37360
487,8	1,37060
487,9	1,36950
488,0	1,37390
488,1	1,37990
488,2	1,38030
488,3	1,37610
488,4	1,37420
488,5	1,37750
488,6	1,38300
488,7	1,38550
488,8	1,38230
488,9	1,37810
489,0	1,38020
489,1	1,38880
489,2	1,39350
489,3	1,38980
489,4	1,38510
489,5	1,38460
489,6	1,39020
489,7	1,39740
489,8	1,39820
489,9	1,39260
490,0	1,38890
490,1	1,39350
490,2	1,40070
490,3	1,40150
490,4	1,39670
490,5	1,39290
490,6	1,39550
490,7	1,40250
490,8	1,40670
490,9	1,40430
491,0	1,39800
491,1	1,39750
491,2	1,40400
491,3	1,40910
491,4	1,40890
491,5	1,40570
491,6	1,40450
491,7	1,40700
491,8	1,41130
491,9	1,41300
492,0	1,40910
492,1	1,40510
492,2	1,40740
492,3	1,41350
492,4	1,41570
492,5	1,41290
492,6	1,40980
492,7	1,40930
492,8	1,41270
492,9	1,41750
493,0	1,41730
493,1	1,41290
493,2	1,41080
493,3	1,41440
493,4	1,41890
493,5	1,41870
493,6	1,41520
493,7	1,41210
493,8	1,41280
493,9	1,41780
494,0	1,42190
494,1	1,41940
494,2	1,41390
494,3	1,41370
494,4	1,41860
494,5	1,42220
494,6	1,42110
494,7	1,41710
494,8	1,41420
494,9	1,41660
495,0	1,42220
495,1	1,42330
495,2	1,41810
495,3	1,41420
495,4	1,41670
495,5	1,42190
495,6	1,42410
495,7	1,42150
495,8	1,41650
495,9	1,41510
496,0	1,42040
496,1	1,42560
496,2	1,42340
496,3	1,41730
496,4	1,41520
496,5	1,41920
496,6	1,42370
496,7	1,42340
496,8	1,41870
496,9	1,41450
497,0	1,41630
497,1	1,42360
497,2	1,42650
497,3	1,42120
497,4	1,41550
497,5	1,41580
497,6	1,42030
497,7	1,42270
497,8	1,42060
497,9	1,41600
498,0	1,41370
498,1	1,41740
498,2	1,42270
498,3	1,42110
498,4	1,41520
498,5	1,41240
498,6	1,41550
498,7	1,42040
498,8	1,42060
498,9	1,41660
499,0	1,41210
499,1	1,41190
499,2	1,41670
499,3	1,41870
499,4	1,41460
499,5	1,41060
499,6	1,41070
499,7	1,41370
499,8	1,41590
499,9	1,41420
500,0	1,40820
500,1	1,40450
500,2	1,40900
500,3	1,41540
500,4	1,41450
500,5	1,40770
500,6	1,40430
500,7	1,40610
500,8	1,40890
500,9	1,41010
501,0	1,40690
501,1	1,40020
501,2	1,39910
501,3	1,40530
501,4	1,40870
501,5	1,40350
501,6	1,39660
501,7	1,39600
501,8	1,40000
501,9	1,40400
502,0	1,40400
502,1	1,39750
502,2	1,39030
502,3	1,39250
502,4	1,39920
502,5	1,39860
502,6	1,39200
502,7	1,38780
502,8	1,38760
502,9	1,39080
503,0	1,39390
503,1	1,39050
503,2	1,38230
503,3	1,37980
503,4	1,38620
503,5	1,39020
503,6	1,38590
503,7	1,38030
503,8	1,37770
503,9	1,37790
504,0	1,38060
504,1	1,38160
504,2	1,37690
504,3	1,37190
504,4	1,37340
504,5	1,37770
504,6	1,37700
504,7	1,37300
504,8	1,37000
504,9	1,36830
505,0	1,36920
505,1	1,37220
505,2	1,37030
505,3	1,36210
505,4	1,35830
505,5	1,36180
505,6	1,36460
505,7	1,36200
505,8	1,35680
505,9	1,35330
506,0	1,35210
506,1	1,35610
506,2	1,35910
506,3	1,35290
506,4	1,34480
506,5	1,34400
506,6	1,34750
506,7	1,34780
506,8	1,34510
506,9	1,34140
507,0	1,33700
507,1	1,33640
507,2	1,34030
507,3	1,34020
507,4	1,33330
507,5	1,32850
507,6	1,33030
507,7	1,33210
507,8	1,33110
507,9	1,32830
508,0	1,32260
508,1	1,31820
508,2	1,32070
508,3	1,32450
508,4	1,32050
508,5	1,31360
508,6	1,31150
508,7	1,31230
508,8	1,31250
508,9	1,31160
509,0	1,30810
509,1	1,30280
509,2	1,30160
509,3	1,30520
509,4	1,30520
509,5	1,29960
509,6	1,29530
509,7	1,29430
509,8	1,29430
509,9	1,29420
510,0	1,29360
510,1	1,28800
510,2	1,28240
510,3	1,28390
510,4	1,28680
510,5	1,28400
510,6	1,27790
510,7	1,27470
510,8	1,27380
510,9	1,27370
511,0	1,27320
511,1	1,26970
511,2	1,26310
511,3	1,26030
511,4	1,26310
511,5	1,26400
511,6	1,25960
