0,0	-0,10340
0,1	-0,10220
0,2	-0,10280
0,3	-0,10080
0,4	-0,09570
0,5	-0,09050
0,6	-0,08800
0,7	-0,08780
0,8	-0,08680
0,9	-0,08330
1,0	-0,07800
1,1	-0,07440
1,2	-0,07450
1,3	-0,07550
1,4	-0,07290
1,5	-0,06700
1,6	-0,06210
1,7	-0,06110
1,8	-0,06220
1,9	-0,06080
2,0	-0,05490
2,1	-0,04830
2,2	-0,04580
2,3	-0,04710
2,4	-0,04680
2,5	-0,04330
2,6	-0,03930
2,7	-0,03720
2,8	-0,03750
2,9	-0,03790
3,0	-0,03580
3,1	-0,03160
3,2	-0,02900
3,3	-0,02850
3,4	-0,02870
3,5	-0,02720
3,6	-0,02370
3,7	-0,02020
3,8	-0,01860
3,9	-0,01910
4,0	-0,01900
4,1	-0,01670
4,2	-0,01200
4,3	-0,01050
4,4	-0,01160
4,5	-0,00670
4,6	-0,00020
4,7	0,00040
4,8	-0,00410
4,9	-0,00690
5,0	-0,00270
5,1	0,00510
5,2	0,00970
5,3	0,12130
5,4	0,53410
5,5	0,93530
5,6	1,04180
5,7	0,89930
5,8	0,81290
5,9	0,91760
6,0	0,80520
6,1	0,49460
6,2	0,42010
6,3	0,93470
6,4	2,01150
6,5	3,04650
6,6	3,79310
6,7	4,33360
6,8	4,38260
6,9	3,88550
7,0	3,02560
7,1	2,06750
7,2	1,26820
7,3	0,68420
7,4	0,30400
7,5	0,10440
7,6	-0,00520
7,7	-0,07790
7,8	-0,06760
7,9	0,04420
8,0	0,24680
8,1	0,49910
8,2	0,69630
8,3	0,82130
8,4	0,95470
8,5	1,14250
8,6	1,29740
8,7	1,35190
8,8	1,29080
8,9	1,09170
9,0	0,81080
9,1	0,52290
9,2	0,26880
9,3	0,10040
9,4	0,02420
9,5	-0,03400
9,6	-0,09000
9,7	-0,10270
9,8	-0,08370
9,9	-0,07580
10,0	-0,08570
10,1	-0,08370
10,2	-0,04570
10,3	0,03670
10,4	0,17910
10,5	0,38080
10,6	0,59570
10,7	0,76110
10,8	0,87190
10,9	0,98440
11,0	1,13790
11,1	1,25150
11,2	1,27080
11,3	1,27550
11,4	1,32980
11,5	1,41340
11,6	1,45040
11,7	1,41070
11,8	1,34830
11,9	1,32680
12,0	1,34360
12,1	1,34530
12,2	1,30040
12,3	1,24190
12,4	1,23130
12,5	1,28250
12,6	1,34000
12,7	1,34310
12,8	1,29110
12,9	1,24140
13,0	1,23890
13,1	1,25860
13,2	1,24430
13,3	1,18850
13,4	1,14190
13,5	1,15230
13,6	1,20880
13,7	1,24820
13,8	1,22520
13,9	1,16970
14,0	1,14480
14,1	1,16220
14,2	1,17350
14,3	1,13760
14,4	1,07580
14,5	1,04640
14,6	1,07610
14,7	1,12580
14,8	1,13470
14,9	1,09410
15,0	1,05460
15,1	1,05700
15,2	1,08190
15,3	1,07660
15,4	1,02350
15,5	0,96630
15,6	0,95760
15,7	0,99780
15,8	1,03410
15,9	1,02130
16,0	0,97670
16,1	0,95370
16,2	0,97340
16,3	0,99570
16,4	0,97130
16,5	0,90740
16,6	0,86210
16,7	0,87490
16,8	0,91980
16,9	0,93580
17,0	0,89970
17,1	0,85490
17,2	0,85390
17,3	0,88820
17,4	0,89970
17,5	0,85550
17,6	0,79040
17,7	0,76520
17,8	0,79560
17,9	0,83400
18,0	0,82650
18,1	0,77970
18,2	0,74990
18,3	0,76810
18,4	0,80100
18,5	0,79230
18,6	0,73400
18,7	0,67790
18,8	0,67540
18,9	0,71670
19,0	0,74290
19,1	0,71660
19,2	0,66600
19,3	0,64870
19,4	0,67720
19,5	0,70150
19,6	0,67350
19,7	0,60970
19,8	0,57140
19,9	0,59170
20,0	0,63540
20,1	0,64060
20,2	0,59430
20,3	0,54720
20,4	0,54930
20,5	0,58510
20,6	0,59390
20,7	0,54790
20,8	0,48640
20,9	0,47040
21,0	0,50840
21,1	0,54440
21,2	0,52630
21,3	0,46960
21,4	0,43580
21,5	0,45450
21,6	0,48740
21,7	0,47710
21,8	0,41910
21,9	0,37020
22,0	0,37860
22,1	0,42510
22,2	0,44460
22,3	0,40470
22,4	0,34580
22,5	0,32900
22,6	0,36000
22,7	0,38370
22,8	0,35400
22,9	0,29300
23,0	0,26420
23,1	0,29320
23,2	0,33570
23,3	0,32990
23,4	0,27310
23,5	0,22380
23,6	0,22820
23,7	0,26550
23,8	0,27340
23,9	0,22710
24,0	0,17150
24,1	0,16520
24,2	0,20670
24,3	0,23470
24,4	0,20410
24,5	0,14060
24,6	0,10890
24,7	0,13290
24,8	0,16760
24,9	0,15550
25,0	0,09820
25,1	0,05540
25,2	0,07050
25,3	0,11520
25,4	0,12210
25,5	0,07010
25,6	0,01020
25,7	0,00120
25,8	0,03900
25,9	0,06190
26,0	0,02890
26,1	-0,03000
26,2	-0,05290
26,3	-0,02200
26,4	0,01280
26,5	-0,00520
26,6	-0,06610
26,7	-0,10160
26,8	-0,07310
26,9	-0,01940
27,0	-0,00410
27,1	-0,03780
27,2	-0,06800
27,3	-0,04590
27,4	0,01350
27,5	0,04630
27,6	0,02140
27,7	-0,02020
27,8	-0,01810
27,9	0,03560
28,0	0,08540
28,1	0,08080
28,2	0,03990
28,3	0,02590
28,4	0,06710
28,5	0,12240
28,6	0,13260
28,7	0,09450
28,8	0,06490
28,9	0,09000
29,0	0,14990
29,1	0,18230
29,2	0,15920
29,3	0,12090
29,4	0,12610
29,5	0,17810
29,6	0,22080
29,7	0,21030
29,8	0,16910
29,9	0,15860
30,0	0,20270
30,1	0,25830
30,2	0,26830
30,3	0,23170
30,4	0,20440
30,5	0,22980
30,6	0,28460
30,7	0,30930
30,8	0,28300
30,9	0,24810
31,0	0,25880
31,1	0,31450
31,2	0,35710
31,3	0,34380
31,4	0,30140
31,5	0,29130
31,6	0,33430
31,7	0,38540
31,8	0,39050
31,9	0,35370
32,0	0,33130
32,1	0,36220
32,2	0,41950
32,3	0,44200
32,4	0,41110
32,5	0,37380
32,6	0,38480
32,7	0,43870
32,8	0,47750
32,9	0,46320
33,0	0,42390
33,1	0,42000
33,2	0,46660
33,3	0,51580
33,4	0,51610
33,5	0,47540
33,6	0,45270
33,7	0,48480
33,8	0,54050
33,9	0,56070
34,0	0,53120
34,1	0,49900
34,2	0,51390
34,3	0,56730
34,4	0,60150
34,5	0,58230
34,6	0,54170
34,7	0,53840
34,8	0,58560
34,9	0,63460
35,0	0,63440
35,1	0,59510
35,2	0,57500
35,3	0,60840
35,4	0,66210
35,5	0,67720
35,6	0,64360
35,7	0,61220
35,8	0,63120
35,9	0,68710
36,0	0,72010
36,1	0,69930
36,2	0,65990
36,3	0,65880
36,4	0,70590
36,5	0,75030
36,6	0,74490
36,7	0,70550
36,8	0,69010
36,9	0,72730
37,0	0,78050
37,1	0,79280
37,2	0,75780
37,3	0,72750
37,4	0,74740
37,5	0,80090
37,6	0,82990
37,7	0,80700
37,8	0,77030
37,9	0,77440
38,0	0,82340
38,1	0,86530
38,2	0,85670
38,3	0,81630
38,4	0,80210
38,5	0,83980
38,6	0,89040
38,7	0,89970
38,8	0,86510
38,9	0,83890
39,0	0,86240
39,1	0,91520
39,2	0,93990
39,3	0,91310
39,4	0,87620
39,5	0,88290
39,6	0,93290
39,7	0,97300
39,8	0,96270
39,9	0,92380
40,0	0,91330
40,1	0,95300
40,2	1,00180
40,3	1,00630
40,4	0,96960
40,5	0,94490
40,6	0,97060
40,7	1,02380
40,8	1,04690
40,9	1,01990
41,0	0,98460
41,1	0,99290
41,2	1,04260
41,3	1,07970
41,4	1,06550
41,5	1,02550
41,6	1,01830
41,7	1,06090
41,8	1,10860
41,9	1,11070
42,0	1,07240
42,1	1,04970
42,2	1,07850
42,3	1,13040
42,4	1,14890
42,5	1,11900
42,6	1,08700
42,7	1,10080
42,8	1,15140
42,9	1,18440
43,0	1,16690
43,1	1,12860
43,2	1,12450
43,3	1,16790
43,4	1,21330
43,5	1,21190
43,6	1,17420
43,7	1,15640
43,8	1,18910
43,9	1,24000
44,0	1,25360
44,1	1,22090
44,2	1,19040
44,3	1,20750
44,4	1,25880
44,5	1,28910
44,6	1,26950
44,7	1,23340
44,8	1,23430
44,9	1,27970
45,0	1,32150
45,1	1,31550
45,2	1,27780
45,3	1,26280
45,4	1,29710
45,5	1,34710
45,6	1,35910
45,7	1,32710
45,8	1,29950
45,9	1,31880
46,0	1,36920
46,1	1,39580
46,2	1,37380
46,3	1,33900
46,4	1,34300
46,5	1,38540
46,6	1,40340
46,7	1,36020
46,8	1,29130
46,9	1,24890
47,0	1,24320
47,1	1,23250
47,2	1,17990
47,3	1,09970
47,4	1,04080
47,5	1,02660
47,6	1,02540
47,7	0,98970
47,8	0,91480
47,9	0,84320
48,0	0,81330
48,1	0,81180
48,2	0,78880
48,3	0,72220
48,4	0,64420
48,5	0,60240
48,6	0,60040
48,7	0,59150
48,8	0,53740
48,9	0,45560
49,0	0,39730
49,1	0,38390
49,2	0,38150
49,3	0,34300
49,4	0,26650
49,5	0,19830
49,6	0,17460
49,7	0,17660
49,8	0,15290
49,9	0,08300
50,0	0,00360
50,1	-0,03680
50,2	-0,03810
50,3	-0,04810
50,4	-0,08990
50,5	-0,11060
50,6	-0,07570
50,7	-0,01290
50,8	0,05020
50,9	0,10310
51,0	0,15620
51,1	0,22380
51,2	0,30480
51,3	0,38490
51,4	0,45470
51,5	0,52090
51,6	0,59630
51,7	0,68200
51,8	0,76430
51,9	0,83030
52,0	0,88510
52,1	0,94590
52,2	1,02250
52,3	1,10850
52,4	1,19030
52,5	1,26330
52,6	1,33560
52,7	1,40620
52,8	1,44840
52,9	1,45930
53,0	1,46170
53,1	1,45670
53,2	1,43530
53,3	1,39960
53,4	1,36740
53,5	1,35460
53,6	1,35690
53,7	1,35360
53,8	1,33230
53,9	1,30160
54,0	1,27810
54,1	1,26590
54,2	1,25100
54,3	1,22140
54,4	1,18600
54,5	1,16310
54,6	1,15900
54,7	1,15990
54,8	1,14660
54,9	1,11700
55,0	1,08640
55,1	1,06860
55,2	1,05810
55,3	1,03990
55,4	1,00910
55,5	0,97820
55,6	0,96350
55,7	0,96430
55,8	0,96090
55,9	0,93800
56,0	0,90150
56,1	0,87150
56,2	0,85860
56,3	0,85070
56,4	0,83140
56,5	0,80090
56,6	0,77560
56,7	0,76880
56,8	0,76910
56,9	0,75500
57,0	0,72220
57,1	0,68610
57,2	0,66440
57,3	0,65790
57,4	0,64940
57,5	0,62610
57,6	0,59630
57,7	0,57660
57,8	0,57120
57,9	0,56540
58,0	0,54340
58,1	0,50770
58,2	0,47640
58,3	0,46330
58,4	0,46020
58,5	0,44810
58,6	0,42080
58,7	0,39180
58,8	0,37610
58,9	0,37090
59,0	0,35930
59,1	0,33090
59,2	0,29550
59,3	0,27230
59,4	0,26720
59,5	0,26360
59,6	0,24420
59,7	0,21280
59,8	0,18710
59,9	0,17600
60,0	0,16970
60,1	0,15210
60,2	0,12000
60,3	0,08900
60,4	0,07370
60,5	0,07040
60,6	0,06180
60,7	0,03720
60,8	0,00640
60,9	-0,01480
61,0	-0,02330
61,1	-0,03120
61,2	-0,05260
61,3	-0,08440
61,4	-0,10950
61,5	-0,11790
61,6	-0,11980
61,7	-0,13350
61,8	-0,15030
61,9	-0,15220
62,0	-0,14070
62,1	-0,12440
62,2	-0,11030
62,3	-0,09750
62,4	-0,08100
62,5	-0,05920
62,6	-0,03540
62,7	-0,01370
62,8	0,00490
62,9	0,02310
63,0	0,04360
63,1	0,06680
63,2	0,08790
63,3	0,10370
63,4	0,11860
63,5	0,13870
63,6	0,16350
63,7	0,18740
63,8	0,20690
63,9	0,22400
64,0	0,24250
64,1	0,26380
64,2	0,28540
64,3	0,30440
64,4	0,32140
64,5	0,33940
64,6	0,36160
64,7	0,38790
64,8	0,41190
64,9	0,43040
65,0	0,44640
65,1	0,46460
65,2	0,48580
65,3	0,50710
65,4	0,52600
65,5	0,54370
65,6	0,56380
65,7	0,58810
65,8	0,61390
65,9	0,63540
66,0	0,65080
66,1	0,66520
66,2	0,68430
66,3	0,70740
66,4	0,72930
66,5	0,74850
66,6	0,76750
66,7	0,78910
66,8	0,81340
66,9	0,83550
67,0	0,85240
67,1	0,86720
67,2	0,88410
67,3	0,90510
67,4	0,92900
67,5	0,95110
67,6	0,96960
67,7	0,98810
67,8	1,00980
67,9	1,03270
68,0	1,05310
68,1	1,07000
68,2	1,08520
68,3	1,10380
68,4	1,12720
68,5	1,15090
68,6	1,17180
68,7	1,19010
68,8	1,20840
68,9	1,22960
69,0	1,25230
69,1	1,27180
69,2	1,28760
69,3	1,30480
69,4	1,32710
69,5	1,35190
69,6	1,37470
69,7	1,39400
69,8	1,41100
69,9	1,42900
70,0	1,44210
70,1	1,44630
70,2	1,44700
70,3	1,44720
70,4	1,44470
70,5	1,43500
70,6	1,42090
70,7	1,40890
70,8	1,40260
70,9	1,39790
71,0	1,38970
71,1	1,37800
71,2	1,36710
71,3	1,36150
71,4	1,35790
71,5	1,34980
71,6	1,33590
71,7	1,32140
71,8	1,31220
71,9	1,30810
72,0	1,30360
72,1	1,29400
72,2	1,28170
72,3	1,27260
72,4	1,26770
72,5	1,26220
72,6	1,25100
72,7	1,23690
72,8	1,22590
72,9	1,22010
73,0	1,21690
73,1	1,20970
73,2	1,19750
73,3	1,18500
73,4	1,17680
73,5	1,17210
73,6	1,16570
73,7	1,15490
73,8	1,14240
73,9	1,13430
74,0	1,13160
74,1	1,12720
74,2	1,11680
74,3	1,10290
74,4	1,09140
74,5	1,08520
74,6	1,08000
74,7	1,07160
74,8	1,05960
74,9	1,04830
75,0	1,04140
75,1	1,03780
75,2	1,03190
75,3	1,02020
75,4	1,00680
75,5	0,99730
75,6	0,99220
75,7	0,98750
75,8	0,97820
75,9	0,96570
76,0	0,95590
76,1	0,95130
76,2	0,94750
76,3	0,93870
76,4	0,92560
76,5	0,91360
76,6	0,90680
76,7	0,90360
76,8	0,89780
76,9	0,88640
77,0	0,87390
77,1	0,86550
77,2	0,86130
77,3	0,85600
77,4	0,84580
77,5	0,83320
77,6	0,82310
77,7	0,81850
77,8	0,81510
77,9	0,80660
78,0	0,79370
78,1	0,78110
78,2	0,77370
78,3	0,76960
78,4	0,76250
78,5	0,75010
78,6	0,73630
78,7	0,72770
78,8	0,72480
78,9	0,71990
79,0	0,70830
79,1	0,69400
79,2	0,68380
79,3	0,67890
79,4	0,67490
79,5	0,66570
79,6	0,65150
79,7	0,63940
79,8	0,63330
79,9	0,63030
80,0	0,62320
80,1	0,60980
80,2	0,59660
80,3	0,58910
80,4	0,58570
80,5	0,57900
80,6	0,56560
80,7	0,55030
80,8	0,53980
80,9	0,53550
81,0	0,53140
81,1	0,52140
81,2	0,50630
81,3	0,49310
81,4	0,48660
81,5	0,48220
81,6	0,47340
81,7	0,45950
81,8	0,44670
81,9	0,43930
82,0	0,43520
82,1	0,42810
82,2	0,41460
82,3	0,39970
82,4	0,38920
82,5	0,38420
82,6	0,37920
82,7	0,36910
82,8	0,35470
82,9	0,34180
83,0	0,33500
83,1	0,33040
83,2	0,32110
83,3	0,30600
83,4	0,29170
83,5	0,28380
83,6	0,28000
83,7	0,27380
83,8	0,26050
83,9	0,24500
84,0	0,23460
84,1	0,22930
84,2	0,22330
84,3	0,21230
84,4	0,19720
84,5	0,18480
84,6	0,17880
84,7	0,17380
84,8	0,16470
84,9	0,15020
85,0	0,13590
85,1	0,12760
85,2	0,12330
85,3	0,11600
85,4	0,10240
85,5	0,08730
85,6	0,07730
85,7	0,07260
85,8	0,06680
85,9	0,05560
86,0	0,04070
86,1	0,02800
86,2	0,02160
86,3	0,01650
86,4	0,00680
86,5	-0,00680
86,6	-0,01960
86,7	-0,02710
86,8	-0,03150
86,9	-0,03870
87,0	-0,05150
87,1	-0,06600
87,2	-0,07630
87,3	-0,08160
87,4	-0,08720
87,5	-0,09720
87,6	-0,11090
87,7	-0,12270
87,8	-0,12910
87,9	-0,13420
88,0	-0,14320
88,1	-0,15570
88,2	-0,16170
88,3	-0,15910
88,4	-0,15630
88,5	-0,15660
88,6	-0,15780
88,7	-0,15620
88,8	-0,15030
88,9	-0,14470
89,0	-0,14360
89,1	-0,14500
89,2	-0,14390
89,3	-0,13720
89,4	-0,12860
89,5	-0,12440
89,6	-0,12590
89,7	-0,12690
89,8	-0,12250
89,9	-0,11630
90,0	-0,11200
90,1	-0,11190
90,2	-0,11290
90,3	-0,11020
90,4	-0,10360
90,5	-0,09750
90,6	-0,09580
90,7	-0,09720
90,8	-0,09630
90,9	-0,09050
91,0	-0,08330
91,1	-0,08000
91,2	-0,08070
91,3	-0,08070
91,4	-0,07630
91,5	-0,06930
91,6	-0,06480
91,7	-0,06500
91,8	-0,06620
91,9	-0,06300
92,0	-0,05500
92,1	-0,04800
92,2	-0,04720
92,3	-0,04910
92,4	-0,04740
92,5	-0,04180
92,6	-0,03620
92,7	-0,03440
92,8	-0,03550
92,9	-0,03490
93,0	-0,03020
93,1	-0,02340
93,2	-0,01970
93,3	-0,02090
93,4	-0,02190
93,5	-0,01850
93,6	-0,01170
93,7	-0,00680
93,8	-0,00690
93,9	-0,00830
94,0	-0,00610
94,1	0,00000
94,2	0,00590
94,3	0,00750
94,4	0,00600
94,5	0,00620
94,6	0,01110
94,7	0,01760
94,8	0,02050
94,9	0,01940
95,0	0,01880
95,1	0,02280
95,2	0,02970
95,3	0,03410
95,4	0,03420
95,5	0,03290
95,6	0,03430
95,7	0,03890
95,8	0,04350
95,9	0,04400
96,0	0,04220
96,1	0,04220
96,2	0,04630
96,3	0,05170
96,4	0,05360
96,5	0,05220
96,6	0,05120
96,7	0,05380
96,8	0,05960
96,9	0,06360
97,0	0,06290
97,1	0,06140
97,2	0,06350
97,3	0,06870
97,4	0,07300
97,5	0,07310
97,6	0,07100
97,7	0,07120
97,8	0,07570
97,9	0,08120
98,0	0,08300
98,1	0,08130
98,2	0,08010
98,3	0,08280
98,4	0,08820
98,5	0,09180
98,6	0,09110
98,7	0,08920
98,8	0,09050
98,9	0,09610
99,0	0,10100
99,1	0,10060
99,2	0,09740
99,3	0,09740
99,4	0,10290
99,5	0,10910
99,6	0,11030
99,7	0,10740
99,8	0,10670
99,9	0,11030
100,0	0,11440
100,1	0,11630
100,2	0,11600
100,3	0,11550
100,4	0,11700
100,5	0,12050
100,6	0,12330
100,7	0,12280
100,8	0,12060
100,9	0,12100
101,0	0,12530
101,1	0,12920
101,2	0,12960
101,3	0,12730
101,4	0,12690
101,5	0,13090
101,6	0,13620
101,7	0,13800
101,8	0,13550
101,9	0,13410
102,0	0,13740
102,1	0,14360
102,2	0,14710
102,3	0,14460
102,4	0,14120
102,5	0,14300
102,6	0,14840
102,7	0,15240
102,8	0,15280
102,9	0,15070
103,0	0,15080
103,1	0,15400
103,2	0,15690
103,3	0,15750
103,4	0,15610
103,5	0,15550
103,6	0,15780
103,7	0,16190
103,8	0,16380
103,9	0,16200
104,0	0,15950
104,1	0,16070
104,2	0,16550
104,3	0,16890
104,4	0,16800
104,5	0,16550
104,6	0,16550
104,7	0,16890
104,8	0,17280
104,9	0,17390
105,0	0,17190
105,1	0,16990
105,2	0,17200
105,3	0,17810
105,4	0,18150
105,5	0,17910
105,6	0,17600
105,7	0,17730
105,8	0,18300
105,9	0,18780
106,0	0,18640
106,1	0,18170
106,2	0,18100
106,3	0,18540
106,4	0,19050
106,5	0,19240
106,6	0,18970
106,7	0,18790
106,8	0,19100
106,9	0,19550
107,0	0,19760
107,1	0,19660
107,2	0,19540
107,3	0,19630
107,4	0,20030
107,5	0,20380
107,6	0,20280
107,7	0,19980
107,8	0,19990
107,9	0,20410
108,0	0,20880
108,1	0,20980
108,2	0,20730
108,3	0,20570
108,4	0,20870
108,5	0,21410
108,6	0,21680
108,7	0,21460
108,8	0,21150
108,9	0,21350
109,0	0,21900
109,1	0,22260
109,2	0,22150
109,3	0,21860
109,4	0,21840
109,5	0,22260
109,6	0,22750
109,7	0,22780
109,8	0,22510
109,9	0,22410
110,0	0,22700
110,1	0,23160
110,2	0,23360
110,3	0,23120
110,4	0,22840
110,5	0,22980
110,6	0,23480
110,7	0,23780
110,8	0,23610
110,9	0,23250
111,0	0,23190
111,1	0,23570
111,2	0,23940
111,3	0,23900
111,4	0,23540
111,5	0,23380
111,6	0,23660
111,7	0,24040
111,8	0,24110
111,9	0,23830
112,0	0,23590
112,1	0,23660
112,2	0,24020
112,3	0,24260
112,4	0,24070
112,5	0,23730
112,6	0,23690
112,7	0,23950
112,8	0,24240
112,9	0,24180
113,0	0,23840
113,1	0,23640
113,2	0,23820
113,3	0,24120
113,4	0,24160
113,5	0,23890
113,6	0,23590
113,7	0,23630
113,8	0,23980
113,9	0,24190
114,0	0,23980
114,1	0,23590
114,2	0,23490
114,3	0,23790
114,4	0,24120
114,5	0,24080
114,6	0,23710
114,7	0,23490
114,8	0,23680
114,9	0,24020
115,0	0,24040
115,1	0,23670
115,2	0,23390
115,3	0,23540
115,4	0,23890
115,5	0,23980
115,6	0,23670
115,7	0,23330
115,8	0,23310
115,9	0,23610
116,0	0,23820
116,1	0,23680
116,2	0,23320
116,3	0,23150
116,4	0,23320
116,5	0,23590
116,6	0,23550
116,7	0,23180
116,8	0,22910
116,9	0,23000
117,0	0,23290
117,1	0,23400
117,2	0,23140
117,3	0,22810
117,4	0,22810
117,5	0,23070
117,6	0,23210
117,7	0,22990
117,8	0,22610
117,9	0,22500
118,0	0,22760
118,1	0,23010
118,2	0,22900
118,3	0,22500
118,4	0,22280
118,5	0,22460
118,6	0,22750
118,7	0,22720
118,8	0,22330
118,9	0,22010
119,0	0,22080
119,1	0,22400
119,2	0,22530
119,3	0,22230
119,4	0,21840
119,5	0,21830
119,6	0,22170
119,7	0,22400
119,8	0,22180
119,9	0,21760
120,0	0,21670
120,1	0,21990
120,2	0,22330
120,3	0,22250
120,4	0,21840
120,5	0,21650
120,6	0,21900
120,7	0,22270
120,8	0,22300
120,9	0,21960
121,0	0,21630
121,1	0,21750
121,2	0,22180
121,3	0,22380
121,4	0,22120
121,5	0,21670
121,6	0,21560
121,7	0,21940
121,8	0,22330
121,9	0,22230
122,0	0,21790
122,1	0,21580
122,2	0,21870
122,3	0,22300
122,4	0,22310
122,5	0,21920
122,6	0,21610
122,7	0,21780
122,8	0,22250
122,9	0,22460
123,0	0,22170
123,1	0,21780
123,2	0,21770
123,3	0,22150
123,4	0,22470
123,5	0,22340
123,6	0,21910
123,7	0,21740
123,8	0,22080
123,9	0,22520
124,0	0,22520
124,1	0,22090
124,2	0,21750
124,3	0,21930
124,4	0,22470
124,5	0,22650
124,6	0,22260
124,7	0,21860
124,8	0,21930
124,9	0,22430
125,0	0,22690
125,1	0,22420
125,2	0,21990
125,3	0,21930
125,4	0,22330
125,5	0,22700
125,6	0,22570
125,7	0,22150
125,8	0,21960
125,9	0,22240
126,0	0,22710
126,1	0,22830
126,2	0,22490
126,3	0,22100
126,4	0,22200
126,5	0,22680
126,6	0,22980
126,7	0,22790
126,8	0,22390
126,9	0,22350
127,0	0,22760
127,1	0,23150
127,2	0,23080
127,3	0,22680
127,4	0,22490
127,5	0,22800
127,6	0,23240
127,7	0,23330
127,8	0,23020
127,9	0,22730
128,0	0,22880
128,1	0,23350
128,2	0,23590
128,3	0,23360
128,4	0,22990
128,5	0,22980
128,6	0,23410
128,7	0,23820
128,8	0,23800
128,9	0,23430
129,0	0,23230
129,1	0,23520
129,2	0,23940
129,3	0,24040
129,4	0,23740
129,5	0,23450
129,6	0,23600
129,7	0,24050
129,8	0,24320
129,9	0,24120
130,0	0,23770
130,1	0,23800
130,2	0,24250
130,3	0,24640
130,4	0,24570
130,5	0,24180
130,6	0,24030
130,7	0,24410
130,8	0,24900
130,9	0,25010
131,0	0,24660
131,1	0,24360
131,2	0,24570
131,3	0,25090
131,4	0,25370
131,5	0,25140
131,6	0,24770
131,7	0,24770
131,8	0,25250
131,9	0,25710
132,0	0,25610
132,1	0,25150
132,2	0,25010
132,3	0,25450
132,4	0,26120
132,5	0,26250
132,6	0,25780
132,7	0,25410
132,8	0,25620
132,9	0,26200
133,0	0,26560
133,1	0,26310
133,2	0,25840
133,3	0,25820
133,4	0,26320
133,5	0,26830
133,6	0,26750
133,7	0,26230
133,8	0,26020
133,9	0,26390
134,0	0,26920
134,1	0,27070
134,2	0,26650
134,3	0,26280
134,4	0,26520
134,5	0,27070
134,6	0,27370
134,7	0,27170
134,8	0,26770
134,9	0,26770
135,0	0,27250
135,1	0,27660
135,2	0,27630
135,3	0,27280
135,4	0,27130
135,5	0,27440
135,6	0,27890
135,7	0,28000
135,8	0,27750
135,9	0,27510
136,0	0,27610
136,1	0,28090
136,2	0,28360
136,3	0,28130
136,4	0,27770
136,5	0,27760
136,6	0,28200
136,7	0,28630
136,8	0,28510
136,9	0,28040
137,0	0,27890
137,1	0,28280
137,2	0,28810
137,3	0,28930
137,4	0,28540
137,5	0,28210
137,6	0,28490
137,7	0,29130
137,8	0,29400
137,9	0,29070
138,0	0,28680
138,1	0,28800
138,2	0,29380
138,3	0,29800
138,4	0,29650
138,5	0,29210
138,6	0,29130
138,7	0,29630
138,8	0,30210
138,9	0,30300
139,0	0,29960
139,1	0,29730
139,2	0,29990
139,3	0,30580
139,4	0,30860
139,5	0,30630
139,6	0,30360
139,7	0,30510
139,8	0,31070
139,9	0,31500
140,0	0,31410
140,1	0,31050
140,2	0,31040
140,3	0,31530
140,4	0,32020
140,5	0,32120
140,6	0,31850
140,7	0,31670
140,8	0,32030
140,9	0,32630
141,0	0,32930
141,1	0,32780
141,2	0,32510
141,3	0,32670
141,4	0,33350
141,5	0,33830
141,6	0,33700
141,7	0,33380
141,8	0,33410
141,9	0,33940
142,0	0,34490
142,1	0,34600
142,2	0,34300
142,3	0,34180
142,4	0,34520
142,5	0,34900
142,6	0,35080
142,7	0,35060
142,8	0,35010
142,9	0,35140
143,0	0,35460
143,1	0,35700
143,2	0,35670
143,3	0,35490
143,4	0,35540
143,5	0,35840
143,6	0,36160
143,7	0,36330
143,8	0,36280
143,9	0,36240
144,0	0,36460
144,1	0,36820
144,2	0,36990
144,3	0,36950
144,4	0,36910
144,5	0,37010
144,6	0,37320
144,7	0,37620
144,8	0,37650
144,9	0,37480
145,0	0,37500
145,1	0,37790
145,2	0,38110
145,3	0,38220
145,4	0,38100
145,5	0,38010
145,6	0,38180
145,7	0,38550
145,8	0,38770
145,9	0,38640
146,0	0,38400
146,1	0,38470
146,2	0,38800
146,3	0,39020
146,4	0,38980
146,5	0,38790
146,6	0,38730
146,7	0,38990
146,8	0,39320
146,9	0,39370
147,0	0,39140
147,1	0,38950
147,2	0,39050
147,3	0,39340
147,4	0,39440
147,5	0,39240
147,6	0,39000
147,7	0,38970
147,8	0,39210
147,9	0,39430
148,0	0,39330
148,1	0,39040
148,2	0,38910
148,3	0,39070
148,4	0,39300
148,5	0,39320
148,6	0,39030
148,7	0,38770
148,8	0,38830
148,9	0,39090
149,0	0,39190
149,1	0,38900
149,2	0,38550
149,3	0,38540
149,4	0,38770
149,5	0,38930
149,6	0,38790
149,7	0,38490
149,8	0,38310
149,9	0,38420
150,0	0,38650
150,1	0,38640
150,2	0,38340
150,3	0,38080
150,4	0,38080
150,5	0,38250
150,6	0,38320
150,7	0,38080
150,8	0,37730
150,9	0,37630
151,0	0,37850
151,1	0,38000
151,2	0,37810
151,3	0,37410
151,4	0,37240
151,5	0,37460
151,6	0,37690
151,7	0,37580
151,8	0,37160
151,9	0,36830
152,0	0,36880
152,1	0,37120
152,2	0,37160
152,3	0,36840
152,4	0,36450
152,5	0,36400
152,6	0,36650
152,7	0,36740
152,8	0,36450
152,9	0,36010
153,0	0,35820
153,1	0,35990
153,2	0,36190
153,3	0,36090
153,4	0,35770
153,5	0,35510
153,6	0,35510
153,7	0,35650
153,8	0,35600
153,9	0,35390
154,0	0,35210
154,1	0,35150
154,2	0,35210
154,3	0,35260
154,4	0,35180
154,5	0,35000
154,6	0,34890
154,7	0,34980
154,8	0,35100
154,9	0,34960
155,0	0,34620
155,1	0,34620
155,2	0,34990
155,3	0,35210
155,4	0,35120
155,5	0,34820
155,6	0,34680
155,7	0,34890
155,8	0,35100
155,9	0,35050
156,0	0,34620
156,1	0,34180
156,2	0,34140
156,3	0,34390
156,4	0,34550
156,5	0,41410
156,6	0,57810
156,7	0,74560
156,8	0,88930
156,9	1,06540
157,0	1,22390
157,1	1,28890
157,2	1,29880
157,3	1,25680
157,4	1,13020
157,5	0,93380
157,6	0,72320
157,7	0,55680
157,8	0,43940
157,9	0,31940
158,0	0,15530
158,1	0,01250
158,2	-0,03790
158,3	-0,04080
158,4	-0,06190
158,5	-0,09850
158,6	-0,09950
158,7	-0,04350
158,8	0,03710
158,9	0,10220
159,0	0,14750
159,1	0,20030
159,2	0,28640
159,3	0,39740
159,4	0,48670
159,5	0,52890
159,6	0,56120
159,7	0,62470
159,8	0,71700
159,9	0,80630
160,0	0,86980
160,1	0,92700
160,2	1,01970
160,3	1,13990
160,4	1,23170
160,5	1,27670
160,6	1,30430
160,7	1,34340
160,8	1,36910
160,9	1,37170
161,0	1,37800
161,1	1,38110
161,2	1,35710
161,3	1,29610
161,4	1,23040
161,5	1,18630
161,6	1,14670
161,7	1,08650
161,8	1,01130
161,9	0,95120
162,0	0,92430
162,1	0,91290
162,2	0,87870
162,3	0,81440
162,4	0,75100
162,5	0,71030
162,6	0,68120
162,7	0,63870
162,8	0,57280
162,9	0,50130
163,0	0,45310
163,1	0,43160
163,2	0,41090
163,3	0,36990
163,4	0,31050
163,5	0,25200
163,6	0,21220
163,7	0,18140
163,8	0,13320
163,9	0,06400
164,0	-0,00020
164,1	-0,03670
164,2	-0,05210
164,3	-0,07720
164,4	-0,11740
164,5	-0,13650
164,6	-0,12520
164,7	-0,10680
164,8	-0,09400
164,9	-0,08200
165,0	-0,05940
165,1	-0,02450
165,2	0,01340
165,3	0,04520
165,4	0,07310
165,5	0,10800
165,6	0,15290
165,7	0,19530
165,8	0,22210
165,9	0,23620
166,0	0,25230
166,1	0,28030
166,2	0,31710
166,3	0,35300
166,4	0,38400
166,5	0,41710
166,6	0,45870
166,7	0,50280
166,8	0,53850
166,9	0,56020
167,0	0,57400
167,1	0,59300
167,2	0,62330
167,3	0,66030
167,4	0,69540
167,5	0,72670
167,6	0,76060
167,7	0,80210
167,8	0,84580
167,9	0,87860
168,0	0,89590
168,1	0,90860
168,2	0,93050
168,3	0,96450
168,4	1,00260
168,5	1,03720
168,6	1,07040
168,7	1,11040
168,8	1,15570
168,9	1,19380
169,0	1,21620
169,1	1,22830
169,2	1,24360
169,3	1,27070
169,4	1,30790
169,5	1,34750
169,6	1,38550
169,7	1,42350
169,8	1,46080
169,9	1,47950
170,0	1,47160
170,1	1,45210
170,2	1,42950
170,3	1,40270
170,4	1,36930
170,5	1,33650
170,6	1,31480
170,7	1,30540
170,8	1,29670
170,9	1,27540
171,0	1,24080
171,1	1,20360
171,2	1,17300
171,3	1,14740
171,4	1,11830
171,5	1,08550
171,6	1,05720
171,7	1,04060
171,8	1,03090
171,9	1,01420
172,0	0,98260
172,1	0,94370
172,2	0,90990
172,3	0,88420
172,4	0,85990
172,5	0,83110
172,6	0,80110
172,7	0,77870
172,8	0,76450
172,9	0,74900
173,0	0,72290
173,1	0,68650
173,2	0,64970
173,3	0,62130
173,4	0,59980
173,5	0,57620
173,6	0,54770
173,7	0,51960
173,8	0,49800
173,9	0,48170
174,0	0,46090
174,1	0,42880
174,2	0,39090
174,3	0,35800
174,4	0,33420
174,5	0,31480
174,6	0,29120
174,7	0,26180
174,8	0,23410
174,9	0,21290
175,0	0,19370
175,1	0,16850
175,2	0,13430
175,3	0,09840
175,4	0,07070
175,5	0,05160
175,6	0,03260
175,7	0,00640
175,8	-0,02510
175,9	-0,05450
176,0	-0,07700
176,1	-0,09750
176,2	-0,12330
176,3	-0,14190
176,4	-0,14400
176,5	-0,13860
176,6	-0,13190
176,7	-0,12290
176,8	-0,10900
176,9	-0,09200
177,0	-0,07780
177,1	-0,06900
177,2	-0,06060
177,3	-0,04740
177,4	-0,02900
177,5	-0,00960
177,6	0,00580
177,7	0,01740
177,8	0,02970
177,9	0,04500
178,0	0,06120
178,1	0,07370
178,2	0,08250
178,3	0,09320
178,4	0,10970
178,5	0,12970
178,6	0,14730
178,7	0,15970
178,8	0,17050
178,9	0,18380
179,0	0,19920
179,1	0,21320
179,2	0,22420
179,3	0,23420
179,4	0,24780
179,5	0,26660
179,6	0,28620
179,7	0,30140
179,8	0,31130
179,9	0,32120
180,0	0,33520
180,1	0,35150
180,2	0,36560
180,3	0,37620
180,4	0,38750
180,5	0,40390
180,6	0,42420
180,7	0,44220
180,8	0,45400
180,9	0,46180
181,0	0,47230
181,1	0,48800
181,2	0,50470
181,3	0,51790
181,4	0,52830
181,5	0,54150
181,6	0,55920
181,7	0,57760
181,8	0,59090
181,9	0,59900
182,0	0,60740
182,1	0,62120
182,2	0,63940
182,3	0,65640
182,4	0,66850
182,5	0,67840
182,6	0,69190
182,7	0,71010
182,8	0,72670
182,9	0,73700
183,0	0,74360
183,1	0,75380
183,2	0,77050
183,3	0,79070
183,4	0,80740
183,5	0,81780
183,6	0,82710
183,7	0,84020
183,8	0,85730
183,9	0,87300
184,0	0,88320
184,1	0,89080
184,2	0,90220
184,3	0,92050
184,4	0,94100
184,5	0,95620
184,6	0,96510
184,7	0,97350
184,8	0,98680
184,9	1,00330
185,0	1,01660
185,1	1,02440
185,2	1,03330
185,3	1,04960
185,4	1,07050
185,5	1,08780
185,6	1,09760
185,7	1,10380
185,8	1,11400
185,9	1,13030
186,0	1,14690
186,1	1,15850
186,2	1,16630
186,3	1,17760
186,4	1,19520
186,5	1,21460
186,6	1,22850
186,7	1,23530
186,8	1,24200
186,9	1,25570
187,0	1,27490
187,1	1,29130
187,2	1,30110
187,3	1,30900
187,4	1,32250
187,5	1,34170
187,6	1,35840
187,7	1,36760
187,8	1,37280
187,9	1,38270
188,0	1,40050
188,1	1,42000
188,2	1,43390
188,3	1,44200
188,4	1,45050
188,5	1,45850
188,6	1,46230
188,7	1,46180
188,8	1,45710
188,9	1,44830
189,0	1,43760
189,1	1,42950
189,2	1,42410
189,3	1,41880
189,4	1,41160
189,5	1,40230
189,6	1,39350
189,7	1,38660
189,8	1,37990
189,9	1,37120
190,0	1,36010
190,1	1,34990
190,2	1,34290
190,3	1,33800
190,4	1,33200
190,5	1,32300
190,6	1,31310
190,7	1,30480
190,8	1,29830
190,9	1,29120
191,0	1,28120
191,1	1,26990
191,2	1,26050
191,3	1,25480
191,4	1,25020
191,5	1,24250
191,6	1,23220
191,7	1,22260
191,8	1,21560
191,9	1,20930
192,0	1,20040
192,1	1,18990
192,2	1,18010
192,3	1,17280
192,4	1,16710
192,5	1,16030
192,6	1,15160
192,7	1,14190
192,8	1,13290
192,9	1,12540
193,0	1,11840
193,1	1,11040
193,2	1,10160
193,3	1,09290
193,4	1,08570
193,5	1,07940
193,6	1,07170
193,7	1,06160
193,8	1,05040
193,9	1,04140
194,0	1,03550
194,1	1,02920
194,2	1,02020
194,3	1,00980
194,4	1,00090
194,5	0,99400
194,6	0,98730
194,7	0,97860
194,8	0,96800
194,9	0,95780
195,0	0,95060
195,1	0,94470
195,2	0,93760
195,3	0,92810
195,4	0,91800
195,5	0,91000
195,6	0,90400
195,7	0,89650
195,8	0,88630
195,9	0,87550
196,0	0,86640
196,1	0,86010
196,2	0,85430
196,3	0,84630
196,4	0,83680
196,5	0,82760
196,6	0,82030
196,7	0,81400
196,8	0,80660
196,9	0,79730
197,0	0,78760
197,1	0,77980
197,2	0,77400
197,3	0,76730
197,4	0,75810
197,5	0,74760
197,6	0,73790
197,7	0,73100
197,8	0,72540
197,9	0,71750
198,0	0,70680
198,1	0,69640
198,2	0,68930
198,3	0,68450
198,4	0,67790
198,5	0,66740
198,6	0,65600
198,7	0,64810
198,8	0,64340
198,9	0,63810
199,0	0,62870
199,1	0,61630
199,2	0,60630
199,3	0,60030
199,4	0,59550
199,5	0,58710
199,6	0,57460
199,7	0,56350
199,8	0,55720
199,9	0,55350
200,0	0,54650
200,1	0,53460
200,2	0,52290
200,3	0,51550
200,4	0,51130
200,5	0,50490
200,6	0,49360
200,7	0,48180
200,8	0,47340
200,9	0,46860
201,0	0,46290
201,1	0,45290
201,2	0,44060
201,3	0,42960
201,4	0,42220
201,5	0,41670
201,6	0,40850
201,7	0,39670
201,8	0,38470
201,9	0,37630
202,0	0,37120
202,1	0,36550
202,2	0,35510
202,3	0,34160
202,4	0,33150
202,5	0,32570
202,6	0,31970
202,7	0,30980
202,8	0,29760
202,9	0,28750
203,0	0,28130
203,1	0,27670
203,2	0,26820
203,3	0,25540
203,4	0,24290
203,5	0,23440
203,6	0,22960
203,7	0,22320
203,8	0,21270
203,9	0,20090
204,0	0,19160
204,1	0,18540
204,2	0,17880
204,3	0,16900
204,4	0,15650
204,5	0,14570
204,6	0,13920
204,7	0,13330
204,8	0,12490
204,9	0,11260
205,0	0,10050
205,1	0,09320
205,2	0,08800
205,3	0,08000
205,4	0,06880
205,5	0,05750
205,6	0,04920
205,7	0,04420
205,8	0,03800
205,9	0,02720
206,0	0,01420
206,1	0,00370
206,2	-0,00310
206,3	-0,00870
206,4	-0,01670
206,5	-0,02740
206,6	-0,03800
206,7	-0,04570
206,8	-0,05080
206,9	-0,05820
207,0	-0,07040
207,1	-0,08310
207,2	-0,09180
207,3	-0,09720
207,4	-0,10310
207,5	-0,11300
207,6	-0,12520
207,7	-0,13500
207,8	-0,14080
207,9	-0,14550
208,0	-0,15390
208,1	-0,16080
208,2	-0,16020
208,3	-0,15580
208,4	-0,15120
208,5	-0,14730
208,6	-0,14150
208,7	-0,13260
208,8	-0,12270
208,9	-0,11450
209,0	-0,10890
209,1	-0,10370
209,2	-0,09560
209,3	-0,08510
209,4	-0,07510
209,5	-0,06800
209,6	-0,06340
209,7	-0,05660
209,8	-0,04630
209,9	-0,03600
210,0	-0,02840
210,1	-0,02320
210,2	-0,01720
210,3	-0,00820
210,4	0,00270
210,5	0,01180
210,6	0,01750
210,7	0,02360
210,8	0,03200
210,9	0,04180
211,0	0,05140
211,1	0,05850
211,2	0,06400
211,3	0,07090
211,4	0,08100
211,5	0,09250
211,6	0,10190
211,7	0,10790
211,8	0,11300
211,9	0,12080
212,0	0,13180
212,1	0,14210
212,2	0,14860
212,3	0,15360
212,4	0,16030
212,5	0,17090
212,6	0,18140
212,7	0,18790
212,8	0,19250
212,9	0,19930
213,0	0,20900
213,1	0,21890
213,2	0,22640
213,3	0,23160
213,4	0,23790
213,5	0,24780
213,6	0,25870
213,7	0,26690
213,8	0,27280
213,9	0,27870
214,0	0,28690
214,1	0,29680
214,2	0,30610
214,3	0,31310
214,4	0,31830
214,5	0,32530
214,6	0,33530
214,7	0,34520
214,8	0,35260
214,9	0,35800
215,0	0,36430
215,1	0,37300
215,2	0,38310
215,3	0,39160
215,4	0,39760
215,5	0,40300
215,6	0,41140
215,7	0,42150
215,8	0,43040
215,9	0,43780
216,0	0,44340
216,1	0,45020
216,2	0,45930
216,3	0,46820
216,4	0,47550
216,5	0,48100
216,6	0,48750
216,7	0,49630
216,8	0,50570
216,9	0,51400
217,0	0,52000
217,1	0,52510
217,2	0,53210
217,3	0,54150
217,4	0,55080
217,5	0,55760
217,6	0,56230
217,7	0,56940
217,8	0,57860
217,9	0,58720
218,0	0,59390
218,1	0,59870
218,2	0,60470
218,3	0,61270
218,4	0,62150
218,5	0,62970
218,6	0,63550
218,7	0,64010
218,8	0,64730
218,9	0,65700
219,0	0,66570
219,1	0,67120
219,2	0,67480
219,3	0,68030
219,4	0,68930
219,5	0,69890
219,6	0,70610
219,7	0,71060
219,8	0,71570
219,9	0,72450
220,0	0,73450
220,1	0,74190
220,2	0,74630
220,3	0,75040
220,4	0,75790
220,5	0,76800
220,6	0,77660
220,7	0,78190
220,8	0,78560
220,9	0,79140
221,0	0,80100
221,1	0,81030
221,2	0,81610
221,3	0,81970
221,4	0,82430
221,5	0,83210
221,6	0,84120
221,7	0,84920
221,8	0,85430
221,9	0,85790
222,0	0,86370
222,1	0,87290
222,2	0,88290
222,3	0,89010
222,4	0,89430
222,5	0,89850
222,6	0,90570
222,7	0,91430
222,8	0,92060
222,9	0,92450
223,0	0,92850
223,1	0,93550
223,2	0,94470
223,3	0,95280
223,4	0,95760
223,5	0,96170
223,6	0,96810
223,7	0,97660
223,8	0,98490
223,9	0,99010
224,0	0,99280
224,1	0,99730
224,2	1,00550
224,3	1,01510
224,4	1,02180
224,5	1,02530
224,6	1,02930
224,7	1,03740
224,8	1,04720
224,9	1,05360
225,0	1,05690
225,1	1,06030
225,2	1,06720
225,3	1,07720
225,4	1,08580
225,5	1,09050
225,6	1,09310
225,7	1,09770
225,8	1,10630
225,9	1,11620
226,0	1,12330
226,1	1,12730
226,2	1,13140
226,3	1,13820
226,4	1,14610
226,5	1,15190
226,6	1,15540
226,7	1,15900
226,8	1,16530
226,9	1,17410
227,0	1,18200
227,1	1,18670
227,2	1,19050
227,3	1,19690
227,4	1,20580
227,5	1,21390
227,6	1,21900
227,7	1,22130
227,8	1,22470
227,9	1,23260
228,0	1,24240
228,1	1,24960
228,2	1,25270
228,3	1,25560
228,4	1,26290
228,5	1,27330
228,6	1,28140
228,7	1,28590
228,8	1,28830
228,9	1,29220
229,0	1,29930
229,1	1,30680
229,2	1,31130
229,3	1,31290
229,4	1,31600
229,5	1,32320
229,6	1,33200
229,7	1,33800
229,8	1,33980
229,9	1,34140
230,0	1,34820
230,1	1,35760
230,2	1,36400
230,3	1,36680
230,4	1,36800
230,5	1,37140
230,6	1,37880
230,7	1,38690
230,8	1,39030
230,9	1,39030
231,0	1,39390
231,1	1,40190
231,2	1,40970
231,3	1,41370
231,4	1,41430
231,5	1,41570
231,6	1,42140
231,7	1,43070
231,8	1,43840
231,9	1,44160
232,0	1,44280
232,1	1,44610
232,2	1,45310
232,3	1,45950
232,4	1,46040
232,5	1,45870
232,6	1,45980
232,7	1,46210
232,8	1,46110
232,9	1,45650
233,0	1,45010
233,1	1,44280
233,2	1,43530
233,3	1,42790
233,4	1,42020
233,5	1,41300
233,6	1,40500
233,7	1,39700
233,8	1,39030
233,9	1,38310
234,0	1,37580
234,1	1,36730
234,2	1,35860
234,3	1,35150
234,4	1,34410
234,5	1,33580
234,6	1,32640
234,7	1,31780
234,8	1,31100
234,9	1,30450
235,0	1,29740
235,1	1,28870
235,2	1,27920
235,3	1,27130
235,4	1,26430
235,5	1,25620
235,6	1,24660
235,7	1,23730
235,8	1,22920
235,9	1,22240
236,0	1,21620
236,1	1,20780
236,2	1,19760
236,3	1,18810
236,4	1,18030
236,5	1,17340
236,6	1,16540
236,7	1,15590
236,8	1,14700
236,9	1,14090
237,0	1,13480
237,1	1,12640
237,2	1,11590
237,3	1,10640
237,4	1,09940
237,5	1,09270
237,6	1,08470
237,7	1,07530
237,8	1,06540
237,9	1,05590
238,0	1,04780
238,1	1,04060
238,2	1,03230
238,3	1,02220
238,4	1,01220
238,5	1,00410
238,6	0,99690
238,7	0,98970
238,8	0,98020
238,9	0,96930
239,0	0,96040
239,1	0,95310
239,2	0,94520
239,3	0,93580
239,4	0,92560
239,5	0,91650
239,6	0,90920
239,7	0,90290
239,8	0,89420
239,9	0,88260
240,0	0,87160
240,1	0,86330
240,2	0,85650
240,3	0,84860
240,4	0,83880
240,5	0,82930
240,6	0,82030
240,7	0,81230
240,8	0,80420
240,9	0,79460
241,0	0,78380
241,1	0,77380
241,2	0,76650
241,3	0,75940
241,4	0,75110
241,5	0,74050
241,6	0,72950
241,7	0,72110
241,8	0,71400
241,9	0,70600
242,0	0,69530
242,1	0,68380
242,2	0,67500
242,3	0,66940
242,4	0,66230
242,5	0,65130
242,6	0,64010
242,7	0,63160
242,8	0,62510
242,9	0,61730
243,0	0,60680
243,1	0,59610
243,2	0,58670
243,3	0,57870
243,4	0,57120
243,5	0,56210
243,6	0,55140
243,7	0,54140
243,8	0,53330
243,9	0,52620
244,0	0,51870
244,1	0,50870
244,2	0,49780
244,3	0,48890
244,4	0,48150
244,5	0,47430
244,6	0,46470
244,7	0,45330
244,8	0,44410
244,9	0,43740
245,0	0,43090
245,1	0,42130
245,2	0,40980
245,3	0,39900
245,4	0,39080
245,5	0,38390
245,6	0,37510
245,7	0,36520
245,8	0,35540
245,9	0,34670
246,0	0,33990
246,1	0,33220
246,2	0,32170
246,3	0,31060
246,4	0,30150
246,5	0,29430
246,6	0,28740
246,7	0,27830
246,8	0,26640
246,9	0,25560
247,0	0,24740
247,1	0,24030
247,2	0,23160
247,3	0,22030
247,4	0,20970
247,5	0,20230
247,6	0,19630
247,7	0,18750
247,8	0,17590
247,9	0,16450
248,0	0,15450
248,1	0,14620
248,2	0,13760
248,3	0,12690
248,4	0,11470
248,5	0,10350
248,6	0,09520
248,7	0,08710
248,8	0,07610
248,9	0,06300
249,0	0,05220
249,1	0,04490
249,2	0,03700
249,3	0,02610
249,4	0,01320
249,5	0,00050
249,6	-0,00960
249,7	-0,01800
249,8	-0,02680
249,9	-0,03830
250,0	-0,05210
250,1	-0,06380
250,2	-0,07250
250,3	-0,08190
250,4	-0,09330
250,5	-0,10590
250,6	-0,11770
250,7	-0,12750
250,8	-0,13650
250,9	-0,14720
251,0	-0,15880
251,1	-0,16520
251,2	-0,16650
251,3	-0,16840
251,4	-0,17150
251,5	-0,17220
251,6	-0,16780
251,7	-0,16220
251,8	-0,15910
251,9	-0,15790
252,0	-0,15610
252,1	-0,15150
252,2	-0,14520
252,3	-0,14050
252,4	-0,13850
252,5	-0,13690
252,6	-0,13200
252,7	-0,12520
252,8	-0,12050
252,9	-0,11840
253,0	-0,11700
253,1	-0,11400
253,2	-0,10840
253,3	-0,10260
253,4	-0,09930
253,5	-0,09820
253,6	-0,09630
253,7	-0,09120
253,8	-0,08430
253,9	-0,07920
254,0	-0,07630
254,1	-0,07410
254,2	-0,06980
254,3	-0,06310
254,4	-0,05620
254,5	-0,05140
254,6	-0,04920
254,7	-0,04650
254,8	-0,04180
254,9	-0,03610
255,0	-0,03220
255,1	-0,03060
255,2	-0,02870
255,3	-0,02400
255,4	-0,01770
255,5	-0,01300
255,6	-0,01090
255,7	-0,00980
255,8	-0,00610
255,9	0,00080
256,0	0,00760
256,1	0,01130
256,2	0,01260
256,3	0,01490
256,4	0,02140
256,5	0,02900
256,6	0,03370
256,7	0,03610
256,8	0,03770
256,9	0,04140
257,0	0,04780
257,1	0,05330
257,2	0,05560
257,3	0,05650
257,4	0,06020
257,5	0,06740
257,6	0,07390
257,7	0,07710
257,8	0,07860
257,9	0,08200
258,0	0,08870
258,1	0,09580
258,2	0,10000
258,3	0,10180
258,4	0,10500
258,5	0,11060
258,6	0,11660
258,7	0,12160
258,8	0,12400
258,9	0,12570
259,0	0,13010
259,1	0,13770
259,2	0,14520
259,3	0,14940
259,4	0,15150
259,5	0,15430
259,6	0,15960
259,7	0,16570
259,8	0,17020
259,9	0,17270
260,0	0,17520
260,1	0,18100
260,2	0,18840
260,3	0,19360
260,4	0,19590
260,5	0,19780
260,6	0,20260
260,7	0,20980
260,8	0,21630
260,9	0,22020
261,0	0,22250
261,1	0,22560
261,2	0,23210
261,3	0,23990
261,4	0,24510
261,5	0,24730
261,6	0,25030
261,7	0,25740
261,8	0,26560
261,9	0,27060
262,0	0,27270
262,1	0,27450
262,2	0,27950
262,3	0,28730
262,4	0,29370
262,5	0,29640
262,6	0,29820
262,7	0,30270
262,8	0,31010
262,9	0,31680
263,0	0,32020
263,1	0,32200
263,2	0,32580
263,3	0,33400
263,4	0,34250
263,5	0,34720
263,6	0,34940
263,7	0,35180
263,8	0,35730
263,9	0,36430
264,0	0,36890
264,1	0,37090
264,2	0,37280
264,3	0,37760
264,4	0,38550
264,5	0,39300
264,6	0,39690
264,7	0,39820
264,8	0,40110
264,9	0,40880
265,0	0,41770
265,1	0,42280
265,2	0,42460
265,3	0,42650
265,4	0,43180
265,5	0,43840
265,6	0,44320
265,7	0,44550
265,8	0,44710
265,9	0,45220
266,0	0,46020
266,1	0,46630
266,2	0,46900
266,3	0,47000
266,4	0,47320
266,5	0,48000
266,6	0,48830
266,7	0,49290
266,8	0,49370
266,9	0,49650
267,0	0,50260
267,1	0,50920
267,2	0,51390
267,3	0,51560
267,4	0,51690
267,5	0,52150
267,6	0,52930
267,7	0,53530
267,8	0,53710
267,9	0,53800
268,0	0,54160
268,1	0,54890
268,2	0,55630
268,3	0,55960
268,4	0,55980
268,5	0,56160
268,6	0,56820
268,7	0,57610
268,8	0,58110
268,9	0,58310
269,0	0,58440
269,1	0,58800
269,2	0,59420
269,3	0,59920
269,4	0,60050
269,5	0,60050
269,6	0,60350
269,7	0,61100
269,8	0,61800
269,9	0,62110
270,0	0,62210
270,1	0,62350
270,2	0,62720
270,3	0,63270
270,4	0,63640
270,5	0,63690
270,6	0,63780
270,7	0,64220
270,8	0,64970
270,9	0,65600
271,0	0,65780
271,1	0,65820
271,2	0,66020
271,3	0,66420
271,4	0,66870
271,5	0,67070
271,6	0,67040
271,7	0,67150
271,8	0,67590
271,9	0,68140
272,0	0,68520
272,1	0,68570
272,2	0,68610
272,3	0,68970
272,4	0,69550
272,5	0,70000
272,6	0,70110
272,7	0,70100
272,8	0,70360
272,9	0,70930
273,0	0,71500
273,1	0,71690
273,2	0,71610
273,3	0,71710
273,4	0,72290
273,5	0,73030
273,6	0,73420
273,7	0,73370
273,8	0,73340
273,9	0,73610
274,0	0,74140
274,1	0,74570
274,2	0,74610
274,3	0,74510
274,4	0,74660
274,5	0,75210
274,6	0,75770
274,7	0,75900
274,8	0,75710
274,9	0,75760
275,0	0,76380
275,1	0,77160
275,2	0,77450
275,3	0,77220
275,4	0,77110
275,5	0,77480
275,6	0,78070
275,7	0,78470
275,8	0,78460
275,9	0,78350
276,0	0,78560
276,1	0,79160
276,2	0,79690
276,3	0,79760
276,4	0,79550
276,5	0,79640
276,6	0,80320
276,7	0,81110
276,8	0,81370
276,9	0,81110
277,0	0,81040
277,1	0,81490
277,2	0,82090
277,3	0,82460
277,4	0,82410
277,5	0,82250
277,6	0,82420
277,7	0,82960
277,8	0,83490
277,9	0,83550
278,0	0,83330
278,1	0,83350
278,2	0,83890
278,3	0,84600
278,4	0,84850
278,5	0,84600
278,6	0,84460
278,7	0,84860
278,8	0,85570
278,9	0,85980
279,0	0,85850
279,1	0,85650
279,2	0,85910
279,3	0,86590
279,4	0,87150
279,5	0,87160
279,6	0,86910
279,7	0,86940
279,8	0,87560
279,9	0,88340
280,0	0,88570
280,1	0,88280
280,2	0,88140
280,3	0,88610
280,4	0,89320
280,5	0,89680
280,6	0,89550
280,7	0,89370
280,8	0,89660
280,9	0,90290
281,0	0,90810
281,1	0,90750
281,2	0,90410
281,3	0,90460
281,4	0,91030
281,5	0,91670
281,6	0,91840
281,7	0,91520
281,8	0,91410
281,9	0,91940
282,0	0,92710
282,1	0,93010
282,2	0,92750
282,3	0,92460
282,4	0,92760
282,5	0,93540
282,6	0,94040
282,7	0,93880
282,8	0,93530
282,9	0,93650
283,0	0,94320
283,1	0,94990
283,2	0,95080
283,3	0,94700
283,4	0,94550
283,5	0,95120
283,6	0,96070
283,7	0,96440
283,8	0,96020
283,9	0,95640
284,0	0,96010
284,1	0,96850
284,2	0,97390
284,3	0,97260
284,4	0,96770
284,5	0,96830
284,6	0,97540
284,7	0,98170
284,8	0,98250
284,9	0,97990
285,0	0,97890
285,1	0,98340
285,2	0,99050
285,3	0,99300
285,4	0,98920
285,5	0,98590
285,6	0,98950
285,7	0,99730
285,8	1,00180
285,9	0,99940
286,0	0,99540
286,1	0,99750
286,2	1,00500
286,3	1,01080
286,4	1,01010
286,5	1,00540
286,6	1,00450
286,7	1,01040
286,8	1,01790
286,9	1,02030
287,0	1,01670
287,1	1,01400
287,2	1,01790
287,3	1,02540
287,4	1,02950
287,5	1,02700
287,6	1,02310
287,7	1,02540
287,8	1,03450
287,9	1,04220
288,0	1,04060
288,1	1,03500
288,2	1,03500
288,3	1,04210
288,4	1,04950
288,5	1,05030
288,6	1,04550
288,7	1,04400
288,8	1,04910
288,9	1,05610
289,0	1,05920
289,1	1,05680
289,2	1,05420
289,3	1,05630
289,4	1,06250
289,5	1,06730
289,6	1,06620
289,7	1,06240
289,8	1,06230
289,9	1,06890
290,0	1,07640
290,1	1,07650
290,2	1,07120
290,3	1,06880
290,4	1,07460
290,5	1,08340
290,6	1,08600
290,7	1,08150
290,8	1,07740
290,9	1,08070
291,0	1,08860
291,1	1,09330
291,2	1,09090
291,3	1,08670
291,4	1,08810
291,5	1,09420
291,6	1,09970
291,7	1,10030
291,8	1,09770
291,9	1,09690
292,0	1,10130
292,1	1,10800
292,2	1,11000
292,3	1,10640
292,4	1,10310
292,5	1,10640
292,6	1,11610
292,7	1,12170
292,8	1,11830
292,9	1,11330
293,0	1,11470
293,1	1,12180
293,2	1,12820
293,3	1,12830
293,4	1,12310
293,5	1,12210
293,6	1,12790
293,7	1,13510
293,8	1,13750
293,9	1,13420
294,0	1,13180
294,1	1,13470
294,2	1,14140
294,3	1,14570
294,4	1,14330
294,5	1,13890
294,6	1,13970
294,7	1,14700
294,8	1,15380
294,9	1,15280
295,0	1,14700
295,1	1,14610
295,2	1,15330
295,3	1,16160
295,4	1,16300
295,5	1,15840
295,6	1,15520
295,7	1,16000
295,8	1,16900
295,9	1,17300
296,0	1,16930
296,1	1,16460
296,2	1,16650
296,3	1,17500
296,4	1,18210
296,5	1,18150
296,6	1,17590
296,7	1,17440
296,8	1,18170
296,9	1,19080
297,0	1,19240
297,1	1,18690
297,2	1,18330
297,3	1,18940
297,4	1,19950
297,5	1,20330
297,6	1,19910
297,7	1,19400
297,8	1,19740
297,9	1,20700
298,0	1,21320
298,1	1,21150
298,2	1,20590
298,3	1,20640
298,4	1,21470
298,5	1,22300
298,6	1,22360
298,7	1,21920
298,8	1,21760
298,9	1,22310
299,0	1,23320
299,1	1,23730
299,2	1,23280
299,3	1,22840
299,4	1,23260
299,5	1,24330
299,6	1,25040
299,7	1,24790
299,8	1,24160
299,9	1,24300
300,0	1,25330
300,1	1,26270
300,2	1,26340
300,3	1,25830
300,4	1,25730
300,5	1,26550
300,6	1,27670
300,7	1,28060
300,8	1,27560
300,9	1,27150
301,0	1,27670
301,1	1,28720
301,2	1,29330
301,3	1,29150
301,4	1,28720
301,5	1,28870
301,6	1,29790
301,7	1,30630
301,8	1,30630
301,9	1,30090
302,0	1,29940
302,1	1,30710
302,2	1,31760
302,3	1,32060
302,4	1,31590
302,5	1,31230
302,6	1,31700
302,7	1,32770
302,8	1,33390
302,9	1,33020
303,0	1,32440
303,1	1,32690
303,2	1,33830
303,3	1,34790
303,4	1,34680
303,5	1,33990
303,6	1,33820
303,7	1,34690
303,8	1,35790
303,9	1,35970
304,0	1,35340
304,1	1,34970
304,2	1,35580
304,3	1,36650
304,4	1,37170
304,5	1,36750
304,6	1,36230
304,7	1,36540
304,8	1,37550
304,9	1,38310
305,0	1,38130
305,1	1,37560
305,2	1,37500
305,3	1,38380
305,4	1,39460
305,5	1,39590
305,6	1,38920
305,7	1,38550
305,8	1,39210
305,9	1,40330
306,0	1,40830
306,1	1,40380
306,2	1,39830
306,3	1,40140
306,4	1,41120
306,5	1,41870
306,6	1,41790
306,7	1,41300
306,8	1,41260
306,9	1,42120
307,0	1,43220
307,1	1,43370
307,2	1,42680
307,3	1,42260
307,4	1,42880
307,5	1,44000
307,6	1,44540
307,7	1,44100
307,8	1,43480
307,9	1,43760
308,0	1,44780
308,1	1,45310
308,2	1,44700
308,3	1,43690
308,4	1,43470
308,5	1,43950
308,6	1,44150
308,7	1,43470
308,8	1,42350
308,9	1,41720
309,0	1,41940
309,1	1,42360
309,2	1,42090
309,3	1,41070
309,4	1,40120
309,5	1,40040
309,6	1,40440
309,7	1,40440
309,8	1,39640
309,9	1,38550
310,0	1,38170
310,1	1,38580
310,2	1,38800
310,3	1,38170
310,4	1,37050
310,5	1,36410
310,6	1,36640
310,7	1,36960
310,8	1,36590
310,9	1,35530
311,0	1,34630
311,1	1,34640
311,2	1,35190
311,3	1,35100
311,4	1,34070
311,5	1,32970
311,6	1,32580
311,7	1,32900
311,8	1,33080
311,9	1,32450
312,0	1,31370
312,1	1,30720
312,2	1,30890
312,3	1,31220
312,4	1,30850
312,5	1,29780
312,6	1,28890
312,7	1,28870
312,8	1,29300
312,9	1,29220
313,0	1,28200
313,1	1,27060
313,2	1,26730
313,3	1,27130
313,4	1,27230
313,5	1,26340
313,6	1,25070
313,7	1,24450
313,8	1,24710
313,9	1,24970
314,0	1,24430
314,1	1,23280
314,2	1,22420
314,3	1,22320
314,4	1,22570
314,5	1,22400
314,6	1,21420
314,7	1,20310
314,8	1,20050
314,9	1,20460
315,0	1,20490
315,1	1,19570
315,2	1,18250
315,3	1,17560
315,4	1,17680
315,5	1,17850
315,6	1,17280
315,7	1,16140
315,8	1,15380
315,9	1,15350
316,0	1,15560
316,1	1,15240
316,2	1,14210
316,3	1,13170
316,4	1,12900
316,5	1,13190
316,6	1,13140
316,7	1,12240
316,8	1,11040
316,9	1,10440
317,0	1,10540
317,1	1,10640
317,2	1,10000
317,3	1,08760
317,4	1,07880
317,5	1,07970
317,6	1,08320
317,7	1,07910
317,8	1,06770
317,9	1,05790
318,0	1,05550
318,1	1,05730
318,2	1,05570
318,3	1,04550
318,4	1,03310
318,5	1,02830
318,6	1,03040
318,7	1,03100
318,8	1,02400
318,9	1,01140
319,0	1,00290
319,1	1,00380
319,2	1,00640
319,3	1,00130
319,4	0,98980
319,5	0,98110
319,6	0,98020
319,7	0,98260
319,8	0,98000
319,9	0,96930
320,0	0,95760
320,1	0,95310
320,2	0,95540
320,3	0,95520
320,4	0,94610
320,5	0,93350
320,6	0,92690
320,7	0,92840
320,8	0,93030
320,9	0,92410
321,0	0,91280
321,1	0,90460
321,2	0,90300
321,3	0,90470
321,4	0,90190
321,5	0,89080
321,6	0,87830
321,7	0,87430
321,8	0,87690
321,9	0,87600
322,0	0,86600
322,1	0,85330
322,2	0,84740
322,3	0,84880
322,4	0,84930
322,5	0,84260
322,6	0,83100
322,7	0,82310
322,8	0,82230
322,9	0,82340
323,0	0,81870
323,1	0,80650
323,2	0,79540
323,3	0,79240
323,4	0,79480
323,5	0,79350
323,6	0,78290
323,7	0,76950
323,8	0,76370
323,9	0,76620
324,0	0,76680
324,1	0,75830
324,2	0,74540
324,3	0,73810
324,4	0,73890
324,5	0,74040
324,6	0,73400
324,7	0,72090
324,8	0,71110
324,9	0,70890
325,0	0,71060
325,1	0,70750
325,2	0,69630
325,3	0,68410
325,4	0,67950
325,5	0,68200
325,6	0,68170
325,7	0,67280
325,8	0,65960
325,9	0,65260
326,0	0,65500
326,1	0,65720
326,2	0,65000
326,3	0,63640
326,4	0,62720
326,5	0,62630
326,6	0,62780
326,7	0,62290
326,8	0,61090
326,9	0,59990
327,0	0,59620
327,1	0,59830
327,2	0,59780
327,3	0,58860
327,4	0,57550
327,5	0,56860
327,6	0,57040
327,7	0,57200
327,8	0,56520
327,9	0,55200
328,0	0,54190
328,1	0,54100
328,2	0,54400
328,3	0,54050
328,4	0,52930
328,5	0,51870
328,6	0,51540
328,7	0,51750
328,8	0,51690
328,9	0,50740
329,0	0,49410
329,1	0,48760
329,2	0,49020
329,3	0,49180
329,4	0,48450
329,5	0,47160
329,6	0,46260
329,7	0,46270
329,8	0,46570
329,9	0,46160
330,0	0,44980
330,1	0,43910
330,2	0,43570
330,3	0,43740
330,4	0,43580
330,5	0,42570
330,6	0,41230
330,7	0,40650
330,8	0,40960
330,9	0,41100
331,0	0,40290
331,1	0,38900
331,2	0,38010
331,3	0,38070
331,4	0,38360
331,5	0,37880
331,6	0,36700
331,7	0,35730
331,8	0,35520
331,9	0,35750
332,0	0,35550
332,1	0,34400
332,2	0,33040
332,3	0,32530
332,4	0,32770
332,5	0,32830
332,6	0,32020
332,7	0,30690
332,8	0,29850
332,9	0,29960
333,0	0,30250
333,1	0,29700
333,2	0,28430
333,3	0,27470
333,4	0,27360
333,5	0,27650
333,6	0,27460
333,7	0,26280
333,8	0,24910
333,9	0,24430
334,0	0,24750
334,1	0,24820
334,2	0,23900
334,3	0,22510
334,4	0,21720
334,5	0,21880
334,6	0,22170
334,7	0,21630
334,8	0,20280
334,9	0,19190
335,0	0,19110
335,1	0,19460
335,2	0,19210
335,3	0,18040
335,4	0,16770
335,5	0,16330
335,6	0,16650
335,7	0,16720
335,8	0,15680
335,9	0,14140
336,0	0,13380
336,1	0,13730
336,2	0,14100
336,3	0,13420
336,4	0,11940
336,5	0,10830
336,6	0,10840
336,7	0,11270
336,8	0,10920
336,9	0,09560
337,0	0,08230
337,1	0,07850
337,2	0,08190
337,3	0,08210
337,4	0,07210
337,5	0,05830
337,6	0,05160
337,7	0,05380
337,8	0,05590
337,9	0,04930
338,0	0,03560
338,1	0,02520
338,2	0,02610
338,3	0,03100
338,4	0,02660
338,5	0,01280
338,6	0,00020
338,7	-0,00310
338,8	-0,00010
338,9	-0,00110
339,0	-0,01140
339,1	-0,02390
339,2	-0,02960
339,3	-0,02800
339,4	-0,02700
339,5	-0,03490
339,6	-0,04890
339,7	-0,05850
339,8	-0,05800
339,9	-0,05440
340,0	-0,05900
340,1	-0,07240
340,2	-0,08460
340,3	-0,08690
340,4	-0,08340
340,5	-0,08540
340,6	-0,09620
340,7	-0,10850
340,8	-0,11440
340,9	-0,11260
341,0	-0,11150
341,1	-0,11950
341,2	-0,13370
341,3	-0,14300
341,4	-0,14270
341,5	-0,14010
341,6	-0,14430
341,7	-0,15550
341,8	-0,16050
341,9	-0,15280
342,0	-0,14120
342,1	-0,13590
342,2	-0,13800
342,3	-0,13740
342,4	-0,12810
342,5	-0,11450
342,6	-0,10540
342,7	-0,10420
342,8	-0,10430
342,9	-0,09710
343,0	-0,08270
343,1	-0,07060
343,2	-0,06740
343,3	-0,06870
343,4	-0,06420
343,5	-0,05140
343,6	-0,03800
343,7	-0,03210
343,8	-0,03310
343,9	-0,03180
344,0	-0,02180
344,1	-0,00750
344,2	0,00100
344,3	0,00110
344,4	0,00010
344,5	0,00810
344,6	0,02320
344,7	0,03490
344,8	0,03840
344,9	0,03800
345,0	0,04230
345,1	0,05410
345,2	0,06670
345,3	0,07140
345,4	0,07030
345,5	0,07280
345,6	0,08430
345,7	0,09870
345,8	0,10760
345,9	0,10820
346,0	0,10810
346,1	0,11580
346,2	0,12960
346,3	0,14080
346,4	0,14280
346,5	0,14160
346,6	0,14660
346,7	0,15980
346,8	0,17350
346,9	0,17810
347,0	0,17620
347,1	0,17880
347,2	0,18930
347,3	0,20180
347,4	0,20870
347,5	0,20880
347,6	0,21020
347,7	0,21930
347,8	0,23270
347,9	0,24200
348,0	0,24330
348,1	0,24280
348,2	0,24920
348,3	0,26210
348,4	0,27360
348,5	0,27820
348,6	0,27780
348,7	0,28090
348,8	0,29160
348,9	0,30460
349,0	0,31170
349,1	0,31150
349,2	0,31200
349,3	0,32130
349,4	0,33550
349,5	0,34500
349,6	0,34750
349,7	0,34830
349,8	0,35350
349,9	0,36500
350,0	0,37570
350,1	0,37880
350,2	0,37780
350,3	0,38150
350,4	0,39320
350,5	0,40700
350,6	0,41350
350,7	0,41280
350,8	0,41430
350,9	0,42280
351,0	0,43460
351,1	0,44260
351,2	0,44370
351,3	0,44360
351,4	0,45040
351,5	0,46350
351,6	0,47400
351,7	0,47670
351,8	0,47600
351,9	0,48070
352,0	0,49220
352,1	0,50360
352,2	0,50880
352,3	0,50920
352,4	0,51180
352,5	0,52090
352,6	0,53240
352,7	0,53950
352,8	0,54050
352,9	0,54160
353,0	0,54900
353,1	0,56200
353,2	0,57320
353,3	0,57670
353,4	0,57690
353,5	0,58130
353,6	0,59170
353,7	0,60320
353,8	0,60820
353,9	0,60750
354,0	0,61010
354,1	0,61980
354,2	0,63140
354,3	0,63860
354,4	0,63930
354,5	0,63980
354,6	0,64690
354,7	0,65880
354,8	0,66760
354,9	0,66930
355,0	0,66890
355,1	0,67430
355,2	0,68580
355,3	0,69630
355,4	0,70000
355,5	0,69930
355,6	0,70230
355,7	0,71310
355,8	0,72560
355,9	0,73240
356,0	0,73230
356,1	0,73330
356,2	0,74130
356,3	0,75310
356,4	0,76120
356,5	0,76180
356,6	0,76170
356,7	0,76800
356,8	0,77940
356,9	0,78910
357,0	0,79240
357,1	0,79240
357,2	0,79640
357,3	0,80640
357,4	0,81710
357,5	0,82230
357,6	0,82280
357,7	0,82410
357,8	0,83130
357,9	0,84290
358,0	0,85090
358,1	0,85210
358,2	0,85180
358,3	0,85720
358,4	0,86950
358,5	0,88010
358,6	0,88240
358,7	0,88100
358,8	0,88490
358,9	0,89540
359,0	0,90580
359,1	0,91040
359,2	0,90980
359,3	0,91110
359,4	0,91880
359,5	0,93010
359,6	0,93760
359,7	0,93850
359,8	0,93830
359,9	0,94380
360,0	0,95550
360,1	0,96590
360,2	0,96780
360,3	0,96610
360,4	0,96950
360,5	0,97840
360,6	0,98750
360,7	0,99130
360,8	0,99060
360,9	0,99200
361,0	0,99960
361,1	1,00980
361,2	1,01590
361,3	1,01640
361,4	1,01620
361,5	1,02160
361,6	1,03280
361,7	1,04250
361,8	1,04390
361,9	1,04190
362,0	1,04470
362,1	1,05340
362,2	1,06210
362,3	1,06530
362,4	1,06370
362,5	1,06440
362,6	1,07250
362,7	1,08340
362,8	1,08930
362,9	1,08850
363,0	1,08760
363,1	1,09310
363,2	1,10230
363,3	1,10860
363,4	1,10850
363,5	1,10670
363,6	1,11080
363,7	1,12010
363,8	1,12810
363,9	1,13130
364,0	1,13110
364,1	1,13210
364,2	1,13810
364,3	1,14640
364,4	1,15030
364,5	1,14900
364,6	1,14810
364,7	1,15330
364,8	1,16280
364,9	1,16880
365,0	1,16830
365,1	1,16670
365,2	1,17000
365,3	1,17850
365,4	1,18610
365,5	1,18750
365,6	1,18520
365,7	1,18620
365,8	1,19400
365,9	1,20300
366,0	1,20700
366,1	1,20580
366,2	1,20550
366,3	1,21070
366,4	1,21850
366,5	1,22330
366,6	1,22260
366,7	1,22120
366,8	1,22440
366,9	1,23300
367,0	1,24090
367,1	1,24190
367,2	1,23880
367,3	1,24020
367,4	1,24850
367,5	1,25750
367,6	1,26040
367,7	1,25770
367,8	1,25710
367,9	1,26420
368,0	1,27490
368,1	1,28020
368,2	1,27820
368,3	1,27550
368,4	1,27920
368,5	1,28780
368,6	1,29400
368,7	1,29440
368,8	1,29250
368,9	1,29420
369,0	1,30140
369,1	1,30860
369,2	1,30990
369,3	1,30670
369,4	1,30620
369,5	1,31250
369,6	1,32160
369,7	1,32590
369,8	1,32360
369,9	1,32140
370,0	1,32550
370,1	1,33470
370,2	1,34040
370,3	1,33920
370,4	1,33610
370,5	1,33810
370,6	1,34720
370,7	1,35610
370,8	1,35680
370,9	1,35280
371,0	1,35300
371,1	1,35920
371,2	1,36660
371,3	1,36990
371,4	1,36820
371,5	1,36670
371,6	1,37010
371,7	1,37740
371,8	1,38230
371,9	1,38090
372,0	1,37710
372,1	1,37870
372,2	1,38780
372,3	1,39630
372,4	1,39620
372,5	1,39080
372,6	1,38980
372,7	1,39630
372,8	1,40420
372,9	1,40700
373,0	1,40320
373,1	1,40080
373,2	1,40560
373,3	1,41350
373,4	1,41770
373,5	1,41550
373,6	1,41210
373,7	1,41350
373,8	1,42120
373,9	1,42780
374,0	1,42660
374,1	1,42200
374,2	1,42100
374,3	1,42770
374,4	1,43650
374,5	1,43830
374,6	1,43340
374,7	1,43020
374,8	1,43460
374,9	1,44230
375,0	1,44640
375,1	1,44360
375,2	1,44010
375,3	1,44250
375,4	1,44930
375,5	1,45440
375,6	1,45360
375,7	1,45030
375,8	1,44970
375,9	1,45410
376,0	1,45670
376,1	1,45150
376,2	1,44170
376,3	1,43350
376,4	1,43030
376,5	1,42780
376,6	1,42140
376,7	1,40950
376,8	1,39820
376,9	1,39310
377,0	1,39100
377,1	1,38610
377,2	1,37600
377,3	1,36420
377,4	1,35700
377,5	1,35440
377,6	1,35030
377,7	1,34040
377,8	1,32770
377,9	1,31890
378,0	1,31580
378,1	1,31300
378,2	1,30560
378,3	1,29370
378,4	1,28270
378,5	1,27740
378,6	1,27480
378,7	1,26850
378,8	1,25690
378,9	1,24510
379,0	1,23800
379,1	1,23480
379,2	1,23000
379,3	1,22000
379,4	1,20720
379,5	1,19810
379,6	1,19460
379,7	1,19120
379,8	1,18270
379,9	1,17010
380,0	1,15920
380,1	1,15400
380,2	1,15130
380,3	1,14550
380,4	1,13380
380,5	1,12150
380,6	1,11460
380,7	1,11170
380,8	1,10730
380,9	1,09750
381,0	1,08470
381,1	1,07540
381,2	1,07120
381,3	1,06780
381,4	1,05990
381,5	1,04740
381,6	1,03660
381,7	1,03120
381,8	1,02830
381,9	1,02160
382,0	1,00930
382,1	0,99700
382,2	0,99020
382,3	0,98770
382,4	0,98340
382,5	0,97310
382,6	0,95950
382,7	0,95000
382,8	0,94600
382,9	0,94220
383,0	0,93340
383,1	0,92110
383,2	0,91100
383,3	0,90580
383,4	0,90300
383,5	0,89610
383,6	0,88340
383,7	0,87170
383,8	0,86550
383,9	0,86250
384,0	0,85680
384,1	0,84580
384,2	0,83450
384,3	0,82780
384,4	0,82490
384,5	0,82070
384,6	0,81050
384,7	0,79810
384,8	0,78950
384,9	0,78560
385,0	0,78230
385,1	0,77360
385,2	0,76120
385,3	0,75100
385,4	0,74560
385,5	0,74300
385,6	0,73640
385,7	0,72360
385,8	0,71000
385,9	0,70140
386,0	0,69780
386,1	0,69340
386,2	0,68440
386,3	0,67200
386,4	0,66220
386,5	0,65870
386,6	0,65560
386,7	0,64700
386,8	0,63460
386,9	0,62330
387,0	0,61730
387,1	0,61430
387,2	0,60800
387,3	0,59750
387,4	0,58580
387,5	0,57740
387,6	0,57330
387,7	0,56830
387,8	0,55840
387,9	0,54600
388,0	0,53660
388,1	0,53230
388,2	0,52860
388,3	0,52100
388,4	0,50920
388,5	0,49780
388,6	0,49220
388,7	0,48900
388,8	0,48230
388,9	0,47060
389,0	0,45840
389,1	0,45120
389,2	0,44770
389,3	0,44220
389,4	0,43100
389,5	0,41770
389,6	0,40860
389,7	0,40440
389,8	0,40000
389,9	0,39070
390,0	0,37800
390,1	0,36730
390,2	0,36170
390,3	0,35840
390,4	0,35110
390,5	0,33850
390,6	0,32640
390,7	0,31930
390,8	0,31530
390,9	0,30910
391,0	0,29800
391,1	0,28630
391,2	0,27910
391,3	0,27530
391,4	0,26990
391,5	0,25860
391,6	0,24480
391,7	0,23410
391,8	0,22840
391,9	0,22420
392,0	0,21640
392,1	0,20420
392,2	0,19190
392,3	0,18410
392,4	0,18030
392,5	0,17450
392,6	0,16310
392,7	0,14970
392,8	0,14040
392,9	0,13630
393,0	0,13130
393,1	0,12070
393,2	0,10670
393,3	0,09560
393,4	0,09010
393,5	0,08570
393,6	0,07700
393,7	0,06410
393,8	0,05250
393,9	0,04610
394,0	0,04280
394,1	0,03600
394,2	0,02240
394,3	0,00830
394,4	-0,00050
394,5	-0,00460
394,6	-0,00930
394,7	-0,01920
394,8	-0,03300
394,9	-0,04440
395,0	-0,04910
395,1	-0,05290
395,2	-0,06250
395,3	-0,07680
395,4	-0,08870
395,5	-0,09440
395,6	-0,09750
395,7	-0,10410
395,8	-0,11650
395,9	-0,12980
396,0	-0,13770
396,1	-0,14120
396,2	-0,14600
396,3	-0,15580
396,4	-0,16260
396,5	-0,16100
396,6	-0,15620
396,7	-0,15250
396,8	-0,15080
396,9	-0,14850
397,0	-0,14210
397,1	-0,13290
397,2	-0,12560
397,3	-0,12160
397,4	-0,11910
397,5	-0,11440
397,6	-0,10600
397,7	-0,09840
397,8	-0,09480
397,9	-0,09290
398,0	-0,08880
398,1	-0,08090
398,2	-0,07200
398,3	-0,06640
398,4	-0,06360
398,5	-0,05990
398,6	-0,05290
398,7	-0,04410
398,8	-0,03840
398,9	-0,03670
399,0	-0,03470
399,1	-0,02920
399,2	-0,02110
399,3	-0,01370
399,4	-0,00960
399,5	-0,00720
399,6	-0,00280
399,7	0,00490
399,8	0,01300
399,9	0,01700
400,0	0,01870
400,1	0,02350
400,2	0,03170
400,3	0,03940
400,4	0,04470
400,5	0,04760
400,6	0,05020
400,7	0,05570
400,8	0,06380
400,9	0,07100
401,0	0,07500
401,1	0,07780
401,2	0,08320
401,3	0,09200
401,4	0,10110
401,5	0,10720
401,6	0,11020
401,7	0,11290
401,8	0,11850
401,9	0,12610
402,0	0,13170
402,1	0,13480
402,2	0,13890
402,3	0,14570
402,4	0,15340
402,5	0,15980
402,6	0,16340
402,7	0,16610
402,8	0,17130
402,9	0,17960
403,0	0,18790
403,1	0,19340
403,2	0,19630
403,3	0,19950
403,4	0,20600
403,5	0,21450
403,6	0,22100
403,7	0,22410
403,8	0,22670
403,9	0,23260
404,0	0,24150
404,1	0,25050
404,2	0,25560
404,3	0,25770
404,4	0,26250
404,5	0,27030
404,6	0,27760
404,7	0,28220
404,8	0,28480
404,9	0,28860
405,0	0,29580
405,1	0,30420
405,2	0,31070
405,3	0,31380
405,4	0,31600
405,5	0,32190
405,6	0,33160
405,7	0,34030
405,8	0,34500
405,9	0,34730
406,0	0,35100
406,1	0,35770
406,2	0,36450
406,3	0,36850
406,4	0,37080
406,5	0,37440
406,6	0,38090
406,7	0,38860
406,8	0,39450
406,9	0,39800
407,0	0,40100
407,1	0,40700
407,2	0,41580
407,3	0,42250
407,4	0,42600
407,5	0,42800
407,6	0,43110
407,7	0,43750
407,8	0,44410
407,9	0,44820
408,0	0,45040
408,1	0,45450
408,2	0,46130
408,3	0,46800
408,4	0,47240
408,5	0,47430
408,6	0,47710
408,7	0,48390
408,8	0,49310
408,9	0,49970
409,0	0,50260
409,1	0,50450
409,2	0,50830
409,3	0,51440
409,4	0,52010
409,5	0,52320
409,6	0,52520
409,7	0,52940
409,8	0,53620
409,9	0,54290
410,0	0,54690
410,1	0,54900
410,2	0,55210
410,3	0,55810
410,4	0,56590
410,5	0,57200
410,6	0,57550
410,7	0,57890
410,8	0,58340
410,9	0,58920
411,0	0,59450
411,1	0,59670
411,2	0,59850
411,3	0,60330
411,4	0,61110
411,5	0,61810
411,6	0,62200
411,7	0,62410
411,8	0,62710
411,9	0,63280
412,0	0,63930
412,1	0,64400
412,2	0,64640
412,3	0,65030
412,4	0,65650
412,5	0,66300
412,6	0,66880
412,7	0,67180
412,8	0,67390
412,9	0,67800
413,0	0,68420
413,1	0,69040
413,2	0,69510
413,3	0,69840
413,4	0,70240
413,5	0,70920
413,6	0,71600
413,7	0,72000
413,8	0,72230
413,9	0,72640
414,0	0,73270
414,1	0,73890
414,2	0,74380
414,3	0,74670
414,4	0,74930
414,5	0,75430
414,6	0,76210
414,7	0,76950
414,8	0,77310
414,9	0,77520
415,0	0,77870
415,1	0,78380
415,2	0,78980
415,3	0,79390
415,4	0,79600
415,5	0,79950
415,6	0,80640
415,7	0,81350
415,8	0,81760
415,9	0,81990
416,0	0,82350
416,1	0,82940
416,2	0,83660
416,3	0,84270
416,4	0,84610
416,5	0,84970
416,6	0,85520
416,7	0,86220
416,8	0,86910
416,9	0,87350
417,0	0,87660
417,1	0,88240
417,2	0,89000
417,3	0,89630
417,4	0,90080
417,5	0,90320
417,6	0,90670
417,7	0,91290
417,8	0,91950
417,9	0,92410
418,0	0,92740
418,1	0,93170
418,2	0,93820
418,3	0,94560
418,4	0,95130
418,5	0,95480
418,6	0,95880
418,7	0,96510
418,8	0,97130
418,9	0,97650
419,0	0,98110
419,1	0,98460
419,2	0,98850
419,3	0,99440
419,4	1,00090
419,5	1,00560
419,6	1,00880
419,7	1,01300
419,8	1,01890
419,9	1,02560
420,0	1,03110
420,1	1,03490
420,2	1,03970
420,3	1,04610
420,4	1,05180
420,5	1,05670
420,6	1,06070
420,7	1,06430
420,8	1,06920
420,9	1,07600
421,0	1,08330
421,1	1,08860
421,2	1,09220
421,3	1,09600
421,4	1,10060
421,5	1,10560
421,6	1,11030
421,7	1,11470
421,8	1,12080
421,9	1,12670
422,0	1,13100
422,1	1,13520
422,2	1,13920
422,3	1,14370
422,4	1,14840
422,5	1,15330
422,6	1,15820
422,7	1,16280
422,8	1,16770
422,9	1,17300
423,0	1,17800
423,1	1,18220
423,2	1,18690
423,3	1,19160
423,4	1,19720
423,5	1,20330
423,6	1,20760
423,7	1,21070
423,8	1,21400
423,9	1,21840
424,0	1,22290
424,1	1,22650
424,2	1,22970
424,3	1,23350
424,4	1,23840
424,5	1,24400
424,6	1,24870
424,7	1,25140
424,8	1,25450
424,9	1,25950
425,0	1,26450
425,1	1,26840
425,2	1,27110
425,3	1,27490
425,4	1,28010
425,5	1,28490
425,6	1,28860
425,7	1,29090
425,8	1,29280
425,9	1,29530
426,0	1,29980
426,1	1,30460
426,2	1,30780
426,3	1,30900
426,4	1,31090
426,5	1,31520
426,6	1,32070
426,7	1,32480
426,8	1,32650
426,9	1,32760
427,0	1,33050
427,1	1,33530
427,2	1,34000
427,3	1,34200
427,4	1,34230
427,5	1,34470
427,6	1,35020
427,7	1,35660
427,8	1,36010
427,9	1,36000
428,0	1,36090
428,1	1,36430
428,2	1,36830
428,3	1,37100
428,4	1,37130
428,5	1,37180
428,6	1,37520
428,7	1,37990
428,8	1,38320
428,9	1,38360
429,0	1,38350
429,1	1,38600
429,2	1,39220
429,3	1,39810
429,4	1,39870
429,5	1,39700
429,6	1,39890
429,7	1,40390
429,8	1,40820
429,9	1,40970
430,0	1,40890
430,1	1,40920
430,2	1,41310
430,3	1,41890
430,4	1,42140
430,5	1,42000
430,6	1,41960
430,7	1,42360
430,8	1,43090
430,9	1,43560
431,0	1,43430
431,1	1,43190
431,2	1,43460
431,3	1,44030
431,4	1,44390
431,5	1,44530
431,6	1,44520
431,7	1,44580
431,8	1,44960
431,9	1,45430
432,0	1,45560
432,1	1,45350
432,2	1,45240
432,3	1,45630
432,4	1,45870
432,5	1,45530
432,6	1,44810
432,7	1,44000
432,8	1,43390
432,9	1,42820
433,0	1,42080
433,1	1,41040
433,2	1,39980
433,3	1,39360
433,4	1,38900
433,5	1,38270
433,6	1,37380
433,7	1,36370
433,8	1,35500
433,9	1,34840
434,0	1,34180
434,1	1,33280
434,2	1,32220
434,3	1,31340
434,4	1,30740
434,5	1,30250
434,6	1,29510
434,7	1,28400
434,8	1,27300
434,9	1,26580
435,0	1,26030
435,1	1,25200
435,2	1,24060
435,3	1,22920
435,4	1,22130
435,5	1,21700
435,6	1,21030
435,7	1,19850
435,8	1,18560
435,9	1,17530
436,0	1,16900
436,1	1,16340
436,2	1,15460
436,3	1,14400
436,4	1,13340
436,5	1,12510
436,6	1,11880
436,7	1,11060
436,8	1,09890
436,9	1,08620
437,0	1,07690
437,1	1,07150
437,2	1,06580
437,3	1,05590
437,4	1,04280
437,5	1,03160
437,6	1,02420
437,7	1,01680
437,8	1,00670
437,9	0,99560
438,0	0,98630
438,1	0,97810
438,2	0,96990
438,3	0,96100
438,4	0,94950
438,5	0,93740
438,6	0,92680
438,7	0,91850
438,8	0,91200
438,9	0,90290
439,0	0,89050
439,1	0,87880
439,2	0,87030
439,3	0,86320
439,4	0,85400
439,5	0,84210
439,6	0,83110
439,7	0,82270
439,8	0,81470
439,9	0,80560
440,0	0,79450
440,1	0,78200
440,2	0,77110
440,3	0,76270
440,4	0,75490
440,5	0,74520
440,6	0,73210
440,7	0,71950
440,8	0,71020
440,9	0,70260
441,0	0,69400
441,1	0,68300
441,2	0,67060
441,3	0,65980
441,4	0,65210
441,5	0,64410
441,6	0,63280
441,7	0,61900
441,8	0,60800
441,9	0,60090
442,0	0,59360
442,1	0,58270
442,2	0,56890
442,3	0,55670
442,4	0,54770
442,5	0,53950
442,6	0,52940
442,7	0,51760
442,8	0,50550
442,9	0,49490
443,0	0,48710
443,1	0,47930
443,2	0,46770
443,3	0,45360
443,4	0,44250
443,5	0,43590
443,6	0,42860
443,7	0,41600
443,8	0,40070
443,9	0,38830
444,0	0,38050
444,1	0,37330
444,2	0,36300
444,3	0,34920
444,4	0,33560
444,5	0,32600
444,6	0,31810
444,7	0,30840
444,8	0,29580
444,9	0,28330
445,0	0,27360
445,1	0,26630
445,2	0,25720
445,3	0,24400
445,4	0,22930
445,5	0,21760
445,6	0,21020
445,7	0,20310
445,8	0,19160
445,9	0,17740
446,0	0,16600
446,1	0,15850
446,2	0,15090
446,3	0,13930
446,4	0,12490
446,5	0,11080
446,6	0,10030
446,7	0,09270
446,8	0,08330
446,9	0,07030
447,0	0,05740
447,1	0,04800
447,2	0,03990
447,3	0,03070
447,4	0,01920
447,5	0,00530
447,6	-0,00720
447,7	-0,01610
447,8	-0,02360
447,9	-0,03330
448,0	-0,04720
448,1	-0,06090
448,2	-0,07010
448,3	-0,07780
448,4	-0,08750
448,5	-0,09970
448,6	-0,11280
448,7	-0,12320
448,8	-0,13130
448,9	-0,14030
449,0	-0,15130
449,1	-0,16160
449,2	-0,16440
449,3	-0,16320
449,4	-0,16550
449,5	-0,17010
449,6	-0,17200
449,7	-0,16890
449,8	-0,16420
449,9	-0,16330
450,0	-0,16610
450,1	-0,16750
450,2	-0,16450
450,3	-0,16070
450,4	-0,15890
450,5	-0,16000
450,6	-0,16200
450,7	-0,16130
450,8	-0,15910
450,9	-0,15750
451,0	-0,15750
451,1	-0,15840
451,2	-0,15830
451,3	-0,15660
451,4	-0,15530
451,5	-0,15560
451,6	-0,15660
451,7	-0,15720
451,8	-0,15620
451,9	-0,15450
452,0	-0,15410
452,1	-0,15490
452,2	-0,15560
452,3	-0,15520
452,4	-0,15280
452,5	-0,15140
452,6	-0,15270
452,7	-0,15420
452,8	-0,15410
452,9	-0,15210
453,0	-0,14960
453,1	-0,14950
453,2	-0,15130
453,3	-0,15250
453,4	-0,15120
453,5	-0,14920
453,6	-0,14870
453,7	-0,15040
453,8	-0,15260
453,9	-0,15230
454,0	-0,15010
454,1	-0,14900
454,2	-0,15050
454,3	-0,15290
454,4	-0,15390
454,5	-0,15260
454,6	-0,15110
454,7	-0,15180
454,8	-0,15390
454,9	-0,15510
455,0	-0,15460
455,1	-0,15380
455,2	-0,15420
455,3	-0,15550
455,4	-0,15690
455,5	-0,15740
455,6	-0,15680
455,7	-0,15660
455,8	-0,15810
455,9	-0,16080
456,0	-0,16150
456,1	-0,16000
456,2	-0,15910
456,3	-0,16130
456,4	-0,16600
456,5	-0,16930
456,6	-0,16940
456,7	-0,16800
456,8	-0,16840
456,9	-0,17150
457,0	-0,17330
457,1	-0,16950
457,2	-0,16410
457,3	-0,16170
457,4	-0,16130
457,5	-0,16030
457,6	-0,15720
457,7	-0,15310
457,8	-0,15030
457,9	-0,14900
458,0	-0,14800
458,1	-0,14530
458,2	-0,14070
458,3	-0,13640
458,4	-0,13470
458,5	-0,13530
458,6	-0,13240
458,7	-0,12660
458,8	-0,12230
458,9	-0,11990
459,0	-0,11890
459,1	-0,11780
459,2	-0,11510
459,3	-0,11120
459,4	-0,10870
459,5	-0,10820
459,6	-0,10780
459,7	-0,10500
459,8	-0,10010
459,9	-0,09660
460,0	-0,09640
460,1	-0,09700
460,2	-0,09510
460,3	-0,09040
460,4	-0,08620
460,5	-0,08460
460,6	-0,08500
460,7	-0,08390
460,8	-0,07980
460,9	-0,07500
461,0	-0,07290
461,1	-0,07370
461,2	-0,07390
461,3	-0,07070
461,4	-0,06540
461,5	-0,06220
461,6	-0,06260
461,7	-0,06350
461,8	-0,06100
461,9	-0,05490
462,0	-0,05020
462,1	-0,05130
462,2	-0,05400
462,3	-0,05280
462,4	-0,04810
462,5	-0,04380
462,6	-0,04200
462,7	-0,04280
462,8	-0,04330
462,9	-0,04110
463,0	-0,03750
463,1	-0,03550
463,2	-0,03630
463,3	-0,03780
463,4	-0,03680
463,5	-0,03280
463,6	-0,03000
463,7	-0,03100
463,8	-0,03360
463,9	-0,03380
464,0	-0,02980
464,1	-0,02550
464,2	-0,02490
464,3	-0,02760
464,4	-0,02920
464,5	-0,02690
464,6	-0,02270
464,7	-0,02080
464,8	-0,02320
464,9	-0,02610
465,0	-0,02490
465,1	-0,02040
465,2	-0,01740
465,3	-0,01910
465,4	-0,02320
465,5	-0,02400
465,6	-0,02000
465,7	-0,01560
465,8	-0,01580
465,9	-0,02000
466,0	-0,02240
466,1	-0,02010
466,2	-0,01590
466,3	-0,01450
466,4	-0,01770
466,5	-0,02160
466,6	-0,02140
466,7	-0,01760
466,8	-0,01500
466,9	-0,01690
467,0	-0,02140
467,1	-0,02300
467,2	-0,01980
467,3	-0,01590
467,4	-0,01640
467,5	-0,02130
467,6	-0,02500
467,7	-0,02290
467,8	-0,01800
467,9	-0,01700
468,0	-0,02140
468,1	-0,02590
468,2	-0,02570
468,3	-0,02190
468,4	-0,02020
468,5	-0,02340
468,6	-0,02860
468,7	-0,03040
468,8	-0,02740
468,9	-0,02430
469,0	-0,02610
469,1	-0,03100
469,2	-0,03380
469,3	-0,03190
469,4	-0,02810
469,5	-0,02840
469,6	-0,03280
469,7	-0,03660
469,8	-0,03670
469,9	-0,03380
470,0	-0,03250
470,1	-0,03580
470,2	-0,04060
470,3	-0,04200
470,4	-0,03950
470,5	-0,03740
470,6	-0,03990
470,7	-0,04610
470,8	-0,04960
470,9	-0,04710
471,0	-0,04330
471,1	-0,04440
471,2	-0,05050
471,3	-0,05580
471,4	-0,05540
471,5	-0,05030
471,6	-0,04920
471,7	-0,05480
471,8	-0,06130
471,9	-0,06370
472,0	-0,06080
472,1	-0,05840
472,2	-0,06190
472,3	-0,06850
472,4	-0,07190
472,5	-0,07000
472,6	-0,06700
472,7	-0,06810
472,8	-0,07400
472,9	-0,07950
473,0	-0,07910
473,1	-0,07560
473,2	-0,07600
473,3	-0,08120
473,4	-0,08690
473,5	-0,08780
473,6	-0,08490
473,7	-0,08400
473,8	-0,08810
473,9	-0,09450
474,0	-0,09760
474,1	-0,09600
474,2	-0,09450
474,3	-0,09690
474,4	-0,10270
474,5	-0,10690
474,6	-0,10630
474,7	-0,10370
474,8	-0,10440
474,9	-0,10910
475,0	-0,11350
475,1	-0,11510
475,2	-0,11410
475,3	-0,11380
475,4	-0,11810
475,5	-0,12520
475,6	-0,12830
475,7	-0,12550
475,8	-0,12320
475,9	-0,12680
476,0	-0,13470
476,1	-0,14010
476,2	-0,14010
476,3	-0,13820
476,4	-0,13970
476,5	-0,14530
476,6	-0,15060
476,7	-0,15250
476,8	-0,15140
476,9	-0,15130
477,0	-0,15550
477,1	-0,16180
477,2	-0,16440
477,3	-0,16230
477,4	-0,16130
477,5	-0,16550
477,6	-0,17070
477,7	-0,16980
477,8	-0,16490
477,9	-0,16070
478,0	-0,15870
478,1	-0,15770
478,2	-0,15560
478,3	-0,15050
478,4	-0,14480
478,5	-0,14190
478,6	-0,14130
478,7	-0,13950
478,8	-0,13350
478,9	-0,12630
479,0	-0,12200
479,1	-0,12020
479,2	-0,11910
479,3	-0,11630
479,4	-0,11120
479,5	-0,10700
479,6	-0,10600
479,7	-0,10500
479,8	-0,10140
479,9	-0,09600
480,0	-0,09170
480,1	-0,08950
480,2	-0,08820
480,3	-0,08590
480,4	-0,08080
480,5	-0,07500
480,6	-0,07160
480,7	-0,07030
480,8	-0,06900
480,9	-0,06530
481,0	-0,05900
481,1	-0,05340
481,2	-0,05200
481,3	-0,05180
481,4	-0,04820
481,5	-0,04280
481,6	-0,03820
481,7	-0,03620
481,8	-0,03620
481,9	-0,03480
482,0	-0,02990
482,1	-0,02450
482,2	-0,02220
482,3	-0,02170
482,4	-0,02040
482,5	-0,01680
482,6	-0,01130
482,7	-0,00760
482,8	-0,00730
482,9	-0,00770
483,0	-0,00500
483,1	0,00040
483,2	0,00480
483,3	0,00610
483,4	0,00600
483,5	0,00780
483,6	0,01270
483,7	0,01820
483,8	0,02060
483,9	0,02040
484,0	0,02140
484,1	0,02640
484,2	0,03210
484,3	0,03540
484,4	0,03680
484,5	0,03750
484,6	0,03930
484,7	0,04270
484,8	0,04600
484,9	0,04760
485,0	0,04810
485,1	0,04990
485,2	0,05490
485,3	0,06050
485,4	0,06350
485,5	0,06390
485,6	0,06500
485,7	0,06920
485,8	0,07480
485,9	0,07810
486,0	0,07860
486,1	0,07940
486,2	0,08310
486,3	0,08890
486,4	0,09380
486,5	0,09560
486,6	0,09590
486,7	0,09840
486,8	0,10430
486,9	0,11030
487,0	0,11340
487,1	0,11440
487,2	0,11540
487,3	0,11880
487,4	0,12360
487,5	0,12660
487,6	0,12690
487,7	0,12670
487,8	0,12980
487,9	0,13690
488,0	0,14290
488,1	0,14360
488,2	0,14210
488,3	0,14480
488,4	0,15070
488,5	0,15490
488,6	0,15630
488,7	0,15640
488,8	0,15750
488,9	0,16160
489,0	0,16740
489,1	0,17110
489,2	0,17110
489,3	0,17090
489,4	0,17570
489,5	0,18330
489,6	0,18830
489,7	0,18880
489,8	0,18880
489,9	0,19130
490,0	0,19580
490,1	0,19990
490,2	0,20070
490,3	0,19940
490,4	0,20070
490,5	0,20530
490,6	0,21050
490,7	0,21330
490,8	0,21350
490,9	0,21430
491,0	0,21770
491,1	0,22360
491,2	0,22780
491,3	0,22850
491,4	0,22820
491,5	0,22980
491,6	0,23530
491,7	0,24130
491,8	0,24340
491,9	0,24270
492,0	0,24380
492,1	0,24910
492,2	0,25620
492,3	0,25950
492,4	0,25820
492,5	0,25780
492,6	0,26190
492,7	0,26850
492,8	0,27240
492,9	0,27340
493,0	0,27340
493,1	0,27510
493,2	0,28010
493,3	0,28530
493,4	0,28660
493,5	0,28500
493,6	0,28520
493,7	0,29020
493,8	0,29650
493,9	0,29900
494,0	0,29730
494,1	0,29600
494,2	0,29960
494,3	0,30590
494,4	0,30970
494,5	0,30870
494,6	0,30650
494,7	0,30900
494,8	0,31510
494,9	0,31990
495,0	0,32000
495,1	0,31750
495,2	0,31810
495,3	0,32290
495,4	0,32780
495,5	0,32920
495,6	0,32740
495,7	0,32650
495,8	0,32990
495,9	0,33610
496,0	0,34010
496,1	0,33810
496,2	0,33470
496,3	0,33700
496,4	0,34300
496,5	0,34690
496,6	0,34640
496,7	0,34300
496,8	0,34330
496,9	0,34770
497,0	0,35090
497,1	0,35170
497,2	0,35060
497,3	0,35020
497,4	0,35230
497,5	0,35560
497,6	0,35710
497,7	0,35570
497,8	0,35400
497,9	0,35450
498,0	0,35840
498,1	0,36160
498,2	0,36040
498,3	0,35730
498,4	0,35690
498,5	0,36150
498,6	0,36620
498,7	0,36610
498,8	0,36250
498,9	0,36120
499,0	0,36430
499,1	0,36840
499,2	0,36940
499,3	0,36690
499,4	0,36470
499,5	0,36660
499,6	0,37140
499,7	0,37360
499,8	0,37140
499,9	0,36830
500,0	0,36830
500,1	0,37230
500,2	0,37600
500,3	0,37560
500,4	0,37280
500,5	0,37220
500,6	0,37560
500,7	0,37990
500,8	0,38070
500,9	0,37800
501,0	0,37590
501,1	0,37810
501,2	0,38300
501,3	0,38540
501,4	0,38350
501,5	0,38090
501,6	0,38160
501,7	0,38590
501,8	0,38950
501,9	0,38850
502,0	0,38570
502,1	0,38600
502,2	0,39030
502,3	0,39510
502,4	0,39590
502,5	0,39300
502,6	0,39150
502,7	0,39410
502,8	0,39880
502,9	0,40120
503,0	0,39990
503,1	0,39810
503,2	0,39990
503,3	0,40490
503,4	0,40850
503,5	0,40800
503,6	0,40510
503,7	0,40490
503,8	0,41060
503,9	0,41640
504,0	0,41680
504,1	0,41370
504,2	0,41210
504,3	0,41620
504,4	0,42250
504,5	0,42450
504,6	0,42150
504,7	0,41880
504,8	0,42140
504,9	0,42720
505,0	0,43080
505,1	0,43030
505,2	0,42890
505,3	0,42910
505,4	0,43270
505,5	0,43650
505,6	0,43610
505,7	0,43340
505,8	0,43300
505,9	0,43710
506,0	0,44270
506,1	0,44430
506,2	0,44150
506,3	0,43920
506,4	0,44140
506,5	0,44720
506,6	0,45080
506,7	0,44900
506,8	0,44570
506,9	0,44750
507,0	0,45410
507,1	0,45980
507,2	0,45950
507,3	0,45500
507,4	0,45350
507,5	0,45780
507,6	0,46320
507,7	0,46490
507,8	0,46220
507,9	0,45960
508,0	0,46210
508,1	0,46710
508,2	0,46970
508,3	0,46870
508,4	0,46600
508,5	0,46580
508,6	0,47000
508,7	0,47410
508,8	0,47400
508,9	0,47110
509,0	0,46990
509,1	0,47320
509,2	0,47830
509,3	0,47940
509,4	0,47610
509,5	0,47320
509,6	0,47560
509,7	0,48110
509,8	0,48390
509,9	0,48160
510,0	0,47750
510,1	0,47780
510,2	0,48330
510,3	0,48810
510,4	0,48760
510,5	0,48370
510,6	0,48240
510,7	0,48760
510,8	0,49470
510,9	0,49520
511,0	0,49000
511,1	0,48670
511,2	0,49020
511,3	0,49730
511,4	0,50020
511,5	0,49680
511,6	0,49250
511,7	0,49380
511,8	0,49940
511,9	0,50370
512,0	0,50220
512,1	0,49680
512,2	0,49650
512,3	0,50170
512,4	0,50620
512,5	0,50750
512,6	0,50440
512,7	0,50260
512,8	0,50620
512,9	0,51100
513,0	0,51260
513,1	0,51040
513,2	0,50840
513,3	0,50980
513,4	0,51460
513,5	0,51830
513,6	0,51690
513,7	0,51330
513,8	0,51330
513,9	0,51840
514,0	0,52370
514,1	0,52360
514,2	0,51970
514,3	0,51850
514,4	0,52310
514,5	0,52970
514,6	0,53180
514,7	0,52850
514,8	0,52560
514,9	0,52850
515,0	0,53520
515,1	0,53910
515,2	0,53710
515,3	0,53320
515,4	0,53380
515,5	0,54030
515,6	0,54670
515,7	0,54680
515,8	0,54260
515,9	0,54130
516,0	0,54660
516,1	0,55370
516,2	0,55560
516,3	0,55230
516,4	0,54950
516,5	0,55240
516,6	0,55940
516,7	0,56360
516,8	0,56120
516,9	0,55700
517,0	0,55830
517,1	0,56560
517,2	0,57180
517,3	0,57090
517,4	0,56600
517,5	0,56400
517,6	0,56940
517,7	0,57690
517,8	0,57790
517,9	0,57300
518,0	0,56980
518,1	0,57330
518,2	0,58060
518,3	0,58470
518,4	0,58230
518,5	0,57770
518,6	0,57860
518,7	0,58500
518,8	0,59020
518,9	0,59040
519,0	0,58800
519,1	0,58750
519,2	0,59180
519,3	0,59820
519,4	0,60010
519,5	0,59670
519,6	0,59390
519,7	0,59750
519,8	0,60610
519,9	0,61170
520,0	0,60970
520,1	0,60590
520,2	0,60800
520,3	0,61540
520,4	0,62130
520,5	0,62200
520,6	0,61820
520,7	0,61750
520,8	0,62330
520,9	0,63020
521,0	0,63210
521,1	0,62960
521,2	0,62780
521,3	0,63110
521,4	0,63810
521,5	0,64180
521,6	0,64000
521,7	0,63670
521,8	0,63830
521,9	0,64610
522,0	0,65340
522,1	0,65350
522,2	0,64880
522,3	0,64770
522,4	0,65330
522,5	0,66030
522,6	0,66300
522,7	0,65980
522,8	0,65740
522,9	0,66190
523,0	0,66960
523,1	0,67350
523,2	0,67160
523,3	0,66820
523,4	0,66940
523,5	0,67620
523,6	0,68200
523,7	0,68170
523,8	0,67780
523,9	0,67710
524,0	0,68270
524,1	0,69030
524,2	0,69270
524,3	0,68920
524,4	0,68660
524,5	0,69020
524,6	0,69800
524,7	0,70280
524,8	0,70060
524,9	0,69630
525,0	0,69800
525,1	0,70600
525,2	0,71250
525,3	0,71160
525,4	0,70700
525,5	0,70660
525,6	0,71350
