0,0	-1,84770
0,1	-1,84580
0,2	-1,84180
0,3	-1,83880
0,4	-1,83780
0,5	-1,84010
0,6	-1,84520
0,7	-1,84870
0,8	-1,84720
0,9	-1,84290
1,0	-1,83920
1,1	-1,83790
1,2	-1,84080
1,3	-1,84620
1,4	-1,84910
1,5	-1,84710
1,6	-1,84290
1,7	-1,83970
1,8	-1,83830
1,9	-1,84070
2,0	-1,84550
2,1	-1,84840
2,2	-1,84660
2,3	-1,84230
2,4	-1,83890
2,5	-1,83770
2,6	-1,84000
2,7	-1,84470
2,8	-1,84790
2,9	-1,84640
3,0	-1,84210
3,1	-1,83880
3,2	-1,83730
3,3	-1,83910
3,4	-1,84380
3,5	-1,84700
3,6	-1,84600
3,7	-1,84220
3,8	-1,83910
3,9	-1,83760
4,0	-1,83930
4,1	-1,84390
4,2	-1,84740
4,3	-1,84640
4,4	-1,84250
4,5	-1,83910
4,6	-1,83780
4,7	-1,83930
4,8	-1,84350
4,9	-1,84620
5,0	-1,84370
5,1	-1,83980
5,2	-1,84500
5,3	-1,85920
5,4	-1,87000
5,5	-1,87260
5,6	-1,87150
5,7	-1,86840
5,8	-1,86890
5,9	-1,87980
6,0	-1,89720
6,1	-1,90570
6,2	-1,90520
6,3	-1,90760
6,4	-1,90710
6,5	-1,90290
6,6	-1,90260
6,7	-1,90120
6,8	-1,90080
6,9	-1,90390
7,0	-1,90380
7,1	-1,84720
7,2	-1,59410
7,3	-1,26190
7,4	-0,92050
7,5	-0,38790
7,6	0,33300
7,7	1,15920
7,8	2,02540
7,9	2,80740
8,0	3,30720
8,1	3,69250
8,2	4,17390
8,3	4,54980
8,4	4,74120
8,5	4,83850
8,6	4,88810
8,7	4,91350
8,8	4,92650
8,9	4,93290
9,0	4,93630
9,1	4,93820
9,2	4,93880
9,3	4,93920
9,4	4,93960
9,5	4,93960
9,6	4,93960
9,7	4,93980
9,8	4,93980
9,9	4,93980
10,0	4,93970
10,1	4,93970
10,2	4,93990
10,3	4,89210
10,4	4,73290
10,5	4,53690
10,6	4,32580
10,7	4,00490
10,8	3,61390
10,9	3,30060
11,0	3,20420
11,1	3,34070
11,2	3,58440
11,3	3,81610
11,4	4,06350
11,5	4,38580
11,6	4,65680
11,7	4,79530
11,8	4,86590
11,9	4,90200
12,0	4,92040
12,1	4,93010
12,2	4,93510
12,3	4,93750
12,4	4,93860
12,5	4,93920
12,6	4,93940
12,7	4,93930
12,8	4,93950
12,9	4,93970
13,0	4,93960
13,1	4,93960
13,2	4,93980
13,3	4,94000
13,4	4,94010
13,5	4,93990
13,6	4,93990
13,7	4,93980
13,8	4,93980
13,9	4,94000
14,0	4,93510
14,1	4,70770
14,2	4,02500
14,3	2,99050
14,4	1,89830
14,5	0,81770
14,6	0,01880
14,7	-0,26310
14,8	-0,77510
14,9	-1,85180
15,0	-2,70160
15,1	-3,14850
15,2	-3,41690
15,3	-3,39480
15,4	-3,15540
15,5	-2,91010
15,6	-2,85120
15,7	-2,82500
15,8	-2,60290
15,9	-2,21690
16,0	-1,88190
16,1	-1,68760
16,2	-1,59600
16,3	-1,55640
16,4	-1,46750
16,5	-1,33130
16,6	-1,26160
16,7	-1,28860
16,8	-1,35780
16,9	-1,42400
17,0	-1,45680
17,1	-1,47170
17,2	-1,54360
17,3	-1,68830
17,4	-1,81830
17,5	-1,91290
17,6	-1,99110
17,7	-2,09080
17,8	-2,21660
17,9	-2,34960
18,0	-2,45330
18,1	-2,51290
18,2	-2,57040
18,3	-2,66110
18,4	-2,77400
18,5	-2,81570
18,6	-2,83370
18,7	-2,88390
18,8	-2,92450
18,9	-2,97620
19,0	-3,02000
19,1	-3,00010
19,2	-2,97590
19,3	-3,00300
19,4	-3,03470
19,5	-3,04920
19,6	-3,04430
19,7	-2,85250
19,8	-2,40510
19,9	-1,91990
20,0	-1,62630
20,1	-1,60830
20,2	-1,81820
20,3	-1,94850
20,4	-1,83560
20,5	-1,73600
20,6	-1,73440
20,7	-1,72700
20,8	-1,72880
20,9	-1,76320
21,0	-1,82510
21,1	-1,92730
21,2	-1,96960
21,3	-1,93690
21,4	-1,87940
21,5	-1,85730
21,6	-1,88590
21,7	-1,91130
21,8	-1,91340
21,9	-1,90240
22,0	-1,89670
22,1	-1,90510
22,2	-1,92340
22,3	-1,93870
22,4	-1,93940
22,5	-1,93070
22,6	-1,93190
22,7	-1,94740
22,8	-1,96100
22,9	-1,95810
23,0	-1,94360
23,1	-1,93560
23,2	-1,95110
23,3	-1,98170
23,4	-1,99730
23,5	-1,98810
23,6	-1,97550
23,7	-1,97980
23,8	-1,99610
23,9	-2,00570
24,0	-1,99770
24,1	-1,98390
24,2	-1,98720
24,3	-2,01320
24,4	-2,04090
24,5	-2,04830
24,6	-2,03630
24,7	-2,02490
24,8	-2,03060
24,9	-2,04990
25,0	-2,05920
25,1	-2,04730
25,2	-2,03410
25,3	-2,04600
25,4	-2,08100
25,5	-2,10670
25,6	-2,10030
25,7	-2,07630
25,8	-2,06820
25,9	-2,08610
26,0	-2,10700
26,1	-2,10630
26,2	-2,09090
26,3	-2,09110
26,4	-2,11890
26,5	-2,15310
26,6	-2,16570
26,7	-2,14850
26,8	-2,12030
26,9	-2,11280
27,0	-2,13550
27,1	-2,16580
27,2	-2,17260
27,3	-2,15450
27,4	-2,14500
27,5	-2,16910
27,6	-2,21260
27,7	-2,23300
27,8	-2,21140
27,9	-2,17850
28,0	-2,17500
28,1	-2,20240
28,2	-2,22460
28,3	-2,21570
28,4	-2,19110
28,5	-2,18820
28,6	-2,22130
28,7	-2,25920
28,8	-2,26230
28,9	-2,23100
29,0	-2,20330
29,1	-2,20970
29,2	-2,23810
29,3	-2,21090
29,4	-2,09170
29,5	-1,94280
29,6	-1,83190
29,7	-1,77440
29,8	-1,69910
29,9	-1,55280
30,0	-1,38050
30,1	-1,25610
30,2	-1,23140
30,3	-1,29250
30,4	-1,37860
30,5	-1,44620
30,6	-1,49990
30,7	-1,57980
30,8	-1,70430
30,9	-1,84220
31,0	-1,93770
31,1	-1,99010
31,2	-2,05270
31,3	-2,15990
31,4	-2,29570
31,5	-2,41250
31,6	-2,48890
31,7	-2,55600
31,8	-2,66220
31,9	-2,80260
32,0	-2,91990
32,1	-2,98100
32,2	-3,01620
32,3	-3,07920
32,4	-3,17250
32,5	-3,24180
32,6	-3,25050
32,7	-3,20320
32,8	-3,13600
32,9	-3,09030
33,0	-3,06840
33,1	-3,03450
33,2	-2,95890
33,3	-2,85520
33,4	-2,76520
33,5	-2,70930
33,6	-2,66550
33,7	-2,59990
33,8	-2,50970
33,9	-2,42660
34,0	-2,37640
34,1	-2,34490
34,2	-2,29440
34,3	-2,20870
34,4	-2,11240
34,5	-2,03890
34,6	-1,99140
34,7	-1,94140
34,8	-1,86430
34,9	-1,77150
35,0	-1,69480
35,1	-1,64760
35,2	-1,60700
35,3	-1,54080
35,4	-1,44890
35,5	-1,36280
35,6	-1,31440
35,7	-1,31480
35,8	-1,35030
35,9	-1,39280
36,0	-1,42520
36,1	-1,45390
36,2	-1,49520
36,3	-1,55370
36,4	-1,61350
36,5	-1,65730
36,6	-1,68680
36,7	-1,72170
36,8	-1,77420
36,9	-1,83440
37,0	-1,88450
37,1	-1,92050
37,2	-1,95560
37,3	-2,00490
37,4	-2,06650
37,5	-2,12070
37,6	-2,15620
37,7	-2,18410
37,8	-2,22360
37,9	-2,28010
38,0	-2,33910
38,1	-2,38480
38,2	-2,41830
38,3	-2,45700
38,4	-2,51180
38,5	-2,57130
38,6	-2,61700
38,7	-2,64610
38,8	-2,67540
38,9	-2,72200
39,0	-2,78260
39,1	-2,83940
39,2	-2,87950
39,3	-2,91120
39,4	-2,95400
39,5	-3,01120
39,6	-3,06600
39,7	-3,10370
39,8	-3,12860
39,9	-3,15620
40,0	-3,18670
40,1	-3,20030
40,2	-3,17750
40,3	-3,15670
40,4	-3,15590
40,5	-3,14580
40,6	-3,12320
40,7	-3,08990
40,8	-3,05530
40,9	-3,02820
41,0	-3,00730
41,1	-2,98460
41,2	-2,95470
41,3	-2,92110
41,4	-2,89210
41,5	-2,86950
41,6	-2,84600
41,7	-2,81490
41,8	-2,77800
41,9	-2,74430
42,0	-2,71970
42,1	-2,69880
42,2	-2,67260
42,3	-2,63950
42,4	-2,60530
42,5	-2,57690
42,6	-2,55310
42,7	-2,52580
42,8	-2,49170
42,9	-2,45560
43,0	-2,42460
43,1	-2,40150
43,2	-2,37900
43,3	-2,34870
43,4	-2,31350
43,5	-2,28000
43,6	-2,25300
43,7	-2,22930
43,8	-2,19960
43,9	-2,16370
44,0	-2,12850
44,1	-2,10040
44,2	-2,07770
44,3	-2,05160
44,4	-2,01830
44,5	-1,98150
44,6	-1,95020
44,7	-1,92550
44,8	-1,89950
44,9	-1,86740
45,0	-1,83060
45,1	-1,79700
45,2	-1,77120
45,3	-1,74650
45,4	-1,71660
45,5	-1,68060
45,6	-1,64510
45,7	-1,61630
45,8	-1,59180
45,9	-1,56350
46,0	-1,52870
46,1	-1,49280
46,2	-1,46120
46,3	-1,43500
46,4	-1,40790
46,5	-1,37620
46,6	-1,34850
46,7	-1,33650
46,8	-1,34450
46,9	-1,36560
47,0	-1,38980
47,1	-1,41030
47,2	-1,42880
47,3	-1,45230
47,4	-1,48160
47,5	-1,51090
47,6	-1,53510
47,7	-1,55500
47,8	-1,57660
47,9	-1,60410
48,0	-1,63420
48,1	-1,66050
48,2	-1,68170
48,3	-1,70220
48,4	-1,72800
48,5	-1,75860
48,6	-1,78750
48,7	-1,80970
48,8	-1,82890
48,9	-1,85190
49,0	-1,88050
49,1	-1,91080
49,2	-1,93640
49,3	-1,95660
49,4	-1,97780
49,5	-2,00530
49,6	-2,03520
49,7	-2,06130
49,8	-2,08200
49,9	-2,10200
50,0	-2,12780
50,1	-2,15840
50,2	-2,18660
50,3	-2,20820
50,4	-2,22770
50,5	-2,25180
50,6	-2,28130
50,7	-2,30940
50,8	-2,33210
50,9	-2,35180
51,0	-2,37420
51,1	-2,40290
51,2	-2,43350
51,3	-2,45910
51,4	-2,47850
51,5	-2,49890
51,6	-2,52610
51,7	-2,55730
51,8	-2,58410
51,9	-2,60360
52,0	-2,62190
52,1	-2,64610
52,2	-2,67670
52,3	-2,70620
52,4	-2,72860
52,5	-2,74630
52,6	-2,76730
52,7	-2,79530
52,8	-2,82410
52,9	-2,84730
53,0	-2,86600
53,1	-2,88640
53,2	-2,91270
53,3	-2,94200
53,4	-2,96730
53,5	-2,98540
53,6	-3,00270
53,7	-3,02660
53,8	-3,05520
53,9	-3,08140
54,0	-3,10100
54,1	-3,11860
54,2	-3,14000
54,3	-3,16740
54,4	-3,19610
54,5	-3,21500
54,6	-3,21690
54,7	-3,20370
54,8	-3,18580
54,9	-3,17280
55,0	-3,16460
55,1	-3,15310
55,2	-3,13350
55,3	-3,11090
55,4	-3,09370
55,5	-3,08350
55,6	-3,07380
55,7	-3,05710
55,8	-3,03420
55,9	-3,01340
56,0	-2,99980
56,1	-2,98940
56,2	-2,97420
56,3	-2,95300
56,4	-2,93150
56,5	-2,91660
56,6	-2,90760
56,7	-2,89530
56,8	-2,87500
56,9	-2,85150
57,0	-2,83260
57,1	-2,82080
57,2	-2,81030
57,3	-2,79330
57,4	-2,77000
57,5	-2,74890
57,6	-2,73610
57,7	-2,72720
57,8	-2,71260
57,9	-2,68980
58,0	-2,66650
58,1	-2,65060
58,2	-2,64080
58,3	-2,62910
58,4	-2,60900
58,5	-2,58440
58,6	-2,56520
58,7	-2,55430
58,8	-2,54450
58,9	-2,52660
59,0	-2,50170
59,1	-2,48090
59,2	-2,46900
59,3	-2,45980
59,4	-2,44410
59,5	-2,42050
59,6	-2,39800
59,7	-2,38340
59,8	-2,37310
59,9	-2,35890
60,0	-2,33740
60,1	-2,31420
60,2	-2,29710
60,3	-2,28630
60,4	-2,27400
60,5	-2,25420
60,6	-2,22970
60,7	-2,20930
60,8	-2,19700
60,9	-2,18570
61,0	-2,16780
61,1	-2,14380
61,2	-2,12160
61,3	-2,10750
61,4	-2,09640
61,5	-2,08000
61,6	-2,05670
61,7	-2,03190
61,8	-2,01400
61,9	-2,00360
62,0	-1,99110
62,1	-1,96960
62,2	-1,94470
62,3	-1,92550
62,4	-1,91360
62,5	-1,90140
62,6	-1,88170
62,7	-1,85670
62,8	-1,83500
62,9	-1,82140
63,0	-1,81070
63,1	-1,79380
63,2	-1,76900
63,3	-1,74420
63,4	-1,72730
63,5	-1,71630
63,6	-1,70230
63,7	-1,68020
63,8	-1,65480
63,9	-1,63450
64,0	-1,62140
64,1	-1,60930
64,2	-1,59020
64,3	-1,56490
64,4	-1,54320
64,5	-1,52980
64,6	-1,51830
64,7	-1,49980
64,8	-1,47460
64,9	-1,45030
65,0	-1,43250
65,1	-1,42040
65,2	-1,40510
65,3	-1,38240
65,4	-1,35750
65,5	-1,34040
65,6	-1,33870
65,7	-1,34970
65,8	-1,36500
65,9	-1,37630
66,0	-1,38310
66,1	-1,39190
66,2	-1,40800
66,3	-1,42800
66,4	-1,44340
66,5	-1,45210
66,6	-1,46060
66,7	-1,47520
66,8	-1,49460
66,9	-1,51150
67,0	-1,52090
67,1	-1,52760
67,2	-1,54020
67,3	-1,55960
67,4	-1,57870
67,5	-1,59050
67,6	-1,59700
67,7	-1,60700
67,8	-1,62520
67,9	-1,64590
68,0	-1,66090
68,1	-1,66910
68,2	-1,67630
68,3	-1,69000
68,4	-1,71000
68,5	-1,72750
68,6	-1,73760
68,7	-1,74480
68,8	-1,75670
68,9	-1,77560
69,0	-1,79450
69,1	-1,80650
69,2	-1,81350
69,3	-1,82270
69,4	-1,83850
69,5	-1,85770
69,6	-1,87250
69,7	-1,88090
69,8	-1,88910
69,9	-1,90320
70,0	-1,92200
70,1	-1,93860
70,2	-1,94870
70,3	-1,95610
70,4	-1,96730
70,5	-1,98480
70,6	-2,00300
70,7	-2,01480
70,8	-2,02130
70,9	-2,02980
71,0	-2,04530
71,1	-2,06450
71,2	-2,07930
71,3	-2,08700
71,4	-2,09430
71,5	-2,10840
71,6	-2,12630
71,7	-2,14180
71,8	-2,15080
71,9	-2,15660
72,0	-2,16810
72,1	-2,18630
72,2	-2,20400
72,3	-2,21450
72,4	-2,21990
72,5	-2,22860
72,6	-2,24520
72,7	-2,26440
72,8	-2,27760
72,9	-2,28380
73,0	-2,29010
73,1	-2,30360
73,2	-2,32160
73,3	-2,33580
73,4	-2,34240
73,5	-2,34760
73,6	-2,35970
73,7	-2,37840
73,8	-2,39620
73,9	-2,40610
74,0	-2,41110
74,1	-2,42010
74,2	-2,43620
74,3	-2,45400
74,4	-2,46600
74,5	-2,47120
74,6	-2,47780
74,7	-2,49220
74,8	-2,51130
74,9	-2,52580
75,0	-2,53270
75,1	-2,53780
75,2	-2,54900
75,3	-2,56740
75,4	-2,58470
75,5	-2,59370
75,6	-2,59780
75,7	-2,60580
75,8	-2,62150
75,9	-2,63880
76,0	-2,64900
76,1	-2,65270
76,2	-2,65940
76,3	-2,67420
76,4	-2,69290
76,5	-2,70690
76,6	-2,71240
76,7	-2,71670
76,8	-2,72840
76,9	-2,74590
77,0	-2,76030
77,1	-2,76730
77,2	-2,77090
77,3	-2,77990
77,4	-2,79720
77,5	-2,81480
77,6	-2,82500
77,7	-2,82860
77,8	-2,83390
77,9	-2,84750
78,0	-2,86560
78,1	-2,87780
78,2	-2,88160
78,3	-2,88580
78,4	-2,89810
78,5	-2,91530
78,6	-2,92950
78,7	-2,93530
78,8	-2,93750
78,9	-2,94610
79,0	-2,96320
79,1	-2,98010
79,2	-2,98890
79,3	-2,99230
79,4	-2,99780
79,5	-3,01090
79,6	-3,02800
79,7	-3,03940
79,8	-3,04280
79,9	-3,04570
80,0	-3,05640
80,1	-3,07340
80,2	-3,08660
80,3	-3,09060
80,4	-3,09140
80,5	-3,09910
80,6	-3,11550
80,7	-3,13200
80,8	-3,13930
80,9	-3,14020
81,0	-3,14500
81,1	-3,15830
81,2	-3,17450
81,3	-3,18460
81,4	-3,18680
81,5	-3,18700
81,6	-3,18830
81,7	-3,18640
81,8	-3,17920
81,9	-3,16940
82,0	-3,16130
82,1	-3,15790
82,2	-3,15530
82,3	-3,14740
82,4	-3,13520
82,5	-3,12470
82,6	-3,11920
82,7	-3,11660
82,8	-3,11080
82,9	-3,10040
83,0	-3,08990
83,1	-3,08330
83,2	-3,08070
83,3	-3,07680
83,4	-3,06720
83,5	-3,05500
83,6	-3,04630
83,7	-3,04250
83,8	-3,03960
83,9	-3,03170
84,0	-3,02030
84,1	-3,01090
84,2	-3,00610
84,3	-3,00340
84,4	-2,99690
84,5	-2,98550
84,6	-2,97410
84,7	-2,96750
84,8	-2,96490
84,9	-2,96060
85,0	-2,95090
85,1	-2,93930
85,2	-2,93170
85,3	-2,92870
85,4	-2,92570
85,5	-2,91790
85,6	-2,90620
85,7	-2,89650
85,8	-2,89210
85,9	-2,88960
86,0	-2,88280
86,1	-2,87140
86,2	-2,86110
86,3	-2,85540
86,4	-2,85280
86,5	-2,84790
86,6	-2,83750
86,7	-2,82590
86,8	-2,81850
86,9	-2,81520
87,0	-2,81110
87,1	-2,80170
87,2	-2,79000
87,3	-2,78170
87,4	-2,77760
87,5	-2,77480
87,6	-2,76810
87,7	-2,75670
87,8	-2,74600
87,9	-2,74090
88,0	-2,73880
88,1	-2,73340
88,2	-2,72190
88,3	-2,70970
88,4	-2,70260
88,5	-2,69940
88,6	-2,69590
88,7	-2,68700
88,8	-2,67430
88,9	-2,66470
89,0	-2,66020
89,1	-2,65750
89,2	-2,65100
89,3	-2,63940
89,4	-2,62880
89,5	-2,62300
89,6	-2,62000
89,7	-2,61500
89,8	-2,60460
89,9	-2,59240
90,0	-2,58480
90,1	-2,58180
90,2	-2,57790
90,3	-2,56850
90,4	-2,55560
90,5	-2,54600
90,6	-2,54200
90,7	-2,53970
90,8	-2,53210
90,9	-2,51850
91,0	-2,50660
91,1	-2,50080
91,2	-2,49800
91,3	-2,49200
91,4	-2,48060
91,5	-2,46860
91,6	-2,46130
91,7	-2,45840
91,8	-2,45460
91,9	-2,44510
92,0	-2,43200
92,1	-2,42240
92,2	-2,41820
92,3	-2,41510
92,4	-2,40690
92,5	-2,39390
92,6	-2,38310
92,7	-2,37750
92,8	-2,37430
92,9	-2,36760
93,0	-2,35580
93,1	-2,34340
93,2	-2,33590
93,3	-2,33290
93,4	-2,32770
93,5	-2,31740
93,6	-2,30510
93,7	-2,29550
93,8	-2,29090
93,9	-2,28720
94,0	-2,27900
94,1	-2,26660
94,2	-2,25510
94,3	-2,24820
94,4	-2,24430
94,5	-2,23780
94,6	-2,22690
94,7	-2,21500
94,8	-2,20700
94,9	-2,20320
95,0	-2,19790
95,1	-2,18750
95,2	-2,17400
95,3	-2,16270
95,4	-2,15700
95,5	-2,15320
95,6	-2,14560
95,7	-2,13360
95,8	-2,12220
95,9	-2,11540
96,0	-2,11170
96,1	-2,10510
96,2	-2,09320
96,3	-2,08010
96,4	-2,07170
96,5	-2,06780
96,6	-2,06240
96,7	-2,05140
96,8	-2,03850
96,9	-2,02900
97,0	-2,02340
97,1	-2,01860
97,2	-2,00940
97,3	-1,99640
97,4	-1,98530
97,5	-1,97900
97,6	-1,97520
97,7	-1,96810
97,8	-1,95570
97,9	-1,94190
98,0	-1,93210
98,1	-1,92680
98,2	-1,92120
98,3	-1,91090
98,4	-1,89700
98,5	-1,88610
98,6	-1,88040
98,7	-1,87630
98,8	-1,86770
98,9	-1,85490
99,0	-1,84400
99,1	-1,83750
99,2	-1,83290
99,3	-1,82570
99,4	-1,81410
99,5	-1,80160
99,6	-1,79310
99,7	-1,78840
99,8	-1,78210
99,9	-1,77100
100,0	-1,75790
100,1	-1,74730
100,2	-1,74130
100,3	-1,73600
100,4	-1,72680
100,5	-1,71380
100,6	-1,70120
100,7	-1,69300
100,8	-1,68810
100,9	-1,68110
101,0	-1,66970
101,1	-1,65760
101,2	-1,64900
101,3	-1,64360
101,4	-1,63680
101,5	-1,62540
101,6	-1,61200
101,7	-1,60230
101,8	-1,59680
101,9	-1,59110
102,0	-1,58110
102,1	-1,56790
102,2	-1,55650
102,3	-1,54930
102,4	-1,54350
102,5	-1,53470
102,6	-1,52230
102,7	-1,50990
102,8	-1,50130
102,9	-1,49560
103,0	-1,48840
103,1	-1,47590
103,2	-1,46200
103,3	-1,45190
103,4	-1,44590
103,5	-1,44020
103,6	-1,42950
103,7	-1,41510
103,8	-1,40280
103,9	-1,39530
104,0	-1,38990
104,1	-1,38110
104,2	-1,36790
104,3	-1,35470
104,4	-1,34690
104,5	-1,34730
104,6	-1,35320
104,7	-1,35980
104,8	-1,36460
104,9	-1,36980
105,0	-1,37800
105,1	-1,38830
105,2	-1,39780
105,3	-1,40470
105,4	-1,41060
105,5	-1,41770
105,6	-1,42700
105,7	-1,43690
105,8	-1,44510
105,9	-1,45110
106,0	-1,45730
106,1	-1,46630
106,2	-1,47690
106,3	-1,48630
106,4	-1,49230
106,5	-1,49730
106,6	-1,50470
106,7	-1,51380
106,8	-1,52300
106,9	-1,52990
107,0	-1,53470
107,1	-1,54160
107,2	-1,55190
107,3	-1,56260
107,4	-1,57010
107,5	-1,57470
107,6	-1,58010
107,7	-1,58830
107,8	-1,59790
107,9	-1,60630
108,0	-1,61190
108,1	-1,61690
108,2	-1,62490
108,3	-1,63550
108,4	-1,64480
108,5	-1,65080
108,6	-1,65540
108,7	-1,66220
108,8	-1,67090
108,9	-1,67990
109,0	-1,68740
109,1	-1,69240
109,2	-1,69820
109,3	-1,70650
109,4	-1,71620
109,5	-1,72450
109,6	-1,72960
109,7	-1,73430
109,8	-1,74200
109,9	-1,75230
110,0	-1,76190
110,1	-1,76760
110,2	-1,77170
110,3	-1,77890
110,4	-1,78920
110,5	-1,79920
110,6	-1,80570
110,7	-1,81000
110,8	-1,81610
110,9	-1,82480
111,0	-1,83390
111,1	-1,84080
111,2	-1,84530
111,3	-1,85090
111,4	-1,85910
111,5	-1,86870
111,6	-1,87700
111,7	-1,88230
111,8	-1,88760
111,9	-1,89540
112,0	-1,90450
112,1	-1,91250
112,2	-1,91790
112,3	-1,92210
112,4	-1,92930
112,5	-1,93970
112,6	-1,94990
112,7	-1,95670
112,8	-1,96100
112,9	-1,96660
113,0	-1,97500
113,1	-1,98330
113,2	-1,98950
113,3	-1,99380
113,4	-1,99920
113,5	-2,00790
113,6	-2,01710
113,7	-2,02450
113,8	-2,02950
113,9	-2,03460
114,0	-2,04210
114,1	-2,05140
114,2	-2,05970
114,3	-2,06570
114,4	-2,06990
114,5	-2,07590
114,6	-2,08540
114,7	-2,09540
114,8	-2,10290
114,9	-2,10770
115,0	-2,11260
115,1	-2,11990
115,2	-2,12910
115,3	-2,13720
115,4	-2,14210
115,5	-2,14560
115,6	-2,15160
115,7	-2,16080
115,8	-2,16990
115,9	-2,17670
116,0	-2,18120
116,1	-2,18670
116,2	-2,19490
116,3	-2,20390
116,4	-2,21180
116,5	-2,21660
116,6	-2,22010
116,7	-2,22620
116,8	-2,23590
116,9	-2,24480
117,0	-2,24990
117,1	-2,25370
117,2	-2,26010
117,3	-2,26910
117,4	-2,27800
117,5	-2,28450
117,6	-2,28880
117,7	-2,29370
117,8	-2,30070
117,9	-2,30900
118,0	-2,31640
118,1	-2,32100
118,2	-2,32510
118,3	-2,33210
118,4	-2,34120
118,5	-2,34950
118,6	-2,35470
118,7	-2,35900
118,8	-2,36560
118,9	-2,37360
119,0	-2,38180
119,1	-2,38780
119,2	-2,39170
119,3	-2,39730
119,4	-2,40590
119,5	-2,41510
119,6	-2,42180
119,7	-2,42630
119,8	-2,43090
119,9	-2,43820
120,0	-2,44690
120,1	-2,45350
120,2	-2,45730
120,3	-2,46090
120,4	-2,46770
120,5	-2,47670
120,6	-2,48450
120,7	-2,48940
120,8	-2,49240
120,9	-2,49750
121,0	-2,50660
121,1	-2,51640
121,2	-2,52260
121,3	-2,52640
121,4	-2,53100
121,5	-2,53820
121,6	-2,54680
121,7	-2,55340
121,8	-2,55650
121,9	-2,56030
122,0	-2,56800
122,1	-2,57750
122,2	-2,58450
122,3	-2,58830
122,4	-2,59160
122,5	-2,59730
122,6	-2,60520
122,7	-2,61170
122,8	-2,61530
122,9	-2,61840
123,0	-2,62430
123,1	-2,63290
123,2	-2,64130
123,3	-2,64750
123,4	-2,65060
123,5	-2,65380
123,6	-2,66090
123,7	-2,67080
123,8	-2,67810
123,9	-2,68180
124,0	-2,68550
124,1	-2,69140
124,2	-2,69950
124,3	-2,70750
124,4	-2,71220
124,5	-2,71470
124,6	-2,71990
124,7	-2,72890
124,8	-2,73800
124,9	-2,74340
125,0	-2,74650
125,1	-2,75130
125,2	-2,75860
125,3	-2,76580
125,4	-2,77090
125,5	-2,77390
125,6	-2,77720
125,7	-2,78430
125,8	-2,79370
125,9	-2,80120
126,0	-2,80550
126,1	-2,80930
126,2	-2,81550
126,3	-2,82440
126,4	-2,83260
126,5	-2,83760
126,6	-2,84060
126,7	-2,84430
126,8	-2,85170
126,9	-2,86050
127,0	-2,86610
127,1	-2,86900
127,2	-2,87300
127,3	-2,88040
127,4	-2,88950
127,5	-2,89660
127,6	-2,90060
127,7	-2,90400
127,8	-2,90980
127,9	-2,91780
128,0	-2,92440
128,1	-2,92800
128,2	-2,93010
128,3	-2,93460
128,4	-2,94320
128,5	-2,95170
128,6	-2,95700
128,7	-2,95970
128,8	-2,96270
128,9	-2,96970
129,0	-2,97880
129,1	-2,98490
129,2	-2,98830
129,3	-2,99240
129,4	-2,99800
129,5	-3,00520
129,6	-3,01120
129,7	-3,01480
129,8	-3,01830
129,9	-3,02390
130,0	-3,03150
130,1	-3,03840
130,2	-3,04230
130,3	-3,04480
130,4	-3,04930
130,5	-3,05670
130,6	-3,06480
130,7	-3,07010
130,8	-3,07260
130,9	-3,07560
131,0	-3,08100
131,1	-3,08790
131,2	-3,09350
131,3	-3,09570
131,4	-3,09770
131,5	-3,10330
131,6	-3,11050
131,7	-3,11620
131,8	-3,11950
131,9	-3,12140
132,0	-3,12510
132,1	-3,13270
132,2	-3,14080
132,3	-3,14570
132,4	-3,14740
132,5	-3,15020
132,6	-3,15640
132,7	-3,16310
132,8	-3,16690
132,9	-3,16810
133,0	-3,17040
133,1	-3,17630
133,2	-3,18380
133,3	-3,18950
133,4	-3,19220
133,5	-3,19390
133,6	-3,19610
133,7	-3,19710
133,8	-3,19570
133,9	-3,19190
134,0	-3,18940
134,1	-3,19010
134,2	-3,19110
134,3	-3,18920
134,4	-3,18490
134,5	-3,18150
134,6	-3,18020
134,7	-3,17990
134,8	-3,17940
134,9	-3,17650
135,0	-3,17230
135,1	-3,16990
135,2	-3,16990
135,3	-3,16970
135,4	-3,16740
135,5	-3,16440
135,6	-3,16190
135,7	-3,16200
135,8	-3,16270
135,9	-3,16160
136,0	-3,15920
136,1	-3,15670
136,2	-3,15590
136,3	-3,15620
136,4	-3,15450
136,5	-3,15180
136,6	-3,14830
136,7	-3,14560
136,8	-3,14590
136,9	-3,14570
137,0	-3,14250
137,1	-3,13760
137,2	-3,13400
137,3	-3,13290
137,4	-3,13310
137,5	-3,13110
137,6	-3,12720
137,7	-3,12430
137,8	-3,12320
137,9	-3,12360
138,0	-3,12320
138,1	-3,11990
138,2	-3,11640
138,3	-3,11500
138,4	-3,11510
138,5	-3,11410
138,6	-3,11020
138,7	-3,10640
138,8	-3,10510
138,9	-3,10460
139,0	-3,10330
139,1	-3,09930
139,2	-3,09420
139,3	-3,09150
139,4	-3,09070
139,5	-3,08970
139,6	-3,08760
139,7	-3,08450
139,8	-3,08180
139,9	-3,08110
140,0	-3,08060
140,1	-3,07780
140,2	-3,07350
140,3	-3,06980
140,4	-3,06820
140,5	-3,06730
140,6	-3,06470
140,7	-3,06020
140,8	-3,05620
140,9	-3,05490
141,0	-3,05410
141,1	-3,05120
141,2	-3,04610
141,3	-3,04150
141,4	-3,03940
141,5	-3,03820
141,6	-3,03600
141,7	-3,03250
141,8	-3,02780
141,9	-3,02430
142,0	-3,02260
142,1	-3,01980
142,2	-3,01580
142,3	-3,01210
142,4	-3,00910
142,5	-3,00750
142,6	-3,00600
142,7	-3,00300
142,8	-2,99890
142,9	-2,99440
143,0	-2,99140
143,1	-2,99000
143,2	-2,98680
143,3	-2,98090
143,4	-2,97550
143,5	-2,97230
143,6	-2,97060
143,7	-2,96900
143,8	-2,96600
143,9	-2,96170
144,0	-2,95870
144,1	-2,95710
144,2	-2,95470
144,3	-2,95100
144,4	-2,94550
144,5	-2,94040
144,6	-2,93770
144,7	-2,93540
144,8	-2,93300
144,9	-2,93000
145,0	-2,92660
145,1	-2,92330
145,2	-2,92060
145,3	-2,91800
145,4	-2,91430
145,5	-2,90960
145,6	-2,90580
145,7	-2,90370
145,8	-2,90150
145,9	-2,89760
146,0	-2,89220
146,1	-2,88740
146,2	-2,88460
146,3	-2,88270
146,4	-2,88000
146,5	-2,87490
146,6	-2,86870
146,7	-2,86420
146,8	-2,86160
146,9	-2,85930
147,0	-2,85580
147,1	-2,85110
147,2	-2,84700
147,3	-2,84500
147,4	-2,84310
147,5	-2,83930
147,6	-2,83390
147,7	-2,82900
147,8	-2,82620
147,9	-2,82440
148,0	-2,82070
148,1	-2,81470
148,2	-2,80910
148,3	-2,80540
148,4	-2,80330
148,5	-2,80040
148,6	-2,79490
148,7	-2,78810
148,8	-2,78250
148,9	-2,77960
149,0	-2,77790
149,1	-2,77460
149,2	-2,76990
149,3	-2,76580
149,4	-2,76350
149,5	-2,76150
149,6	-2,75740
149,7	-2,75220
149,8	-2,74690
149,9	-2,74260
150,0	-2,73940
150,1	-2,73580
150,2	-2,73090
150,3	-2,72520
150,4	-2,72090
150,5	-2,71770
150,6	-2,71400
150,7	-2,70890
150,8	-2,70310
150,9	-2,69870
151,0	-2,69620
151,1	-2,69380
151,2	-2,69000
151,3	-2,68440
151,4	-2,67880
151,5	-2,67470
151,6	-2,67050
151,7	-2,66560
151,8	-2,66050
151,9	-2,65560
152,0	-2,65150
152,1	-2,64850
152,2	-2,64560
152,3	-2,64090
152,4	-2,63490
152,5	-2,62880
152,6	-2,62420
152,7	-2,62120
152,8	-2,61830
152,9	-2,61370
153,0	-2,60910
153,1	-2,60550
153,2	-2,60210
153,3	-2,59880
153,4	-2,59370
153,5	-2,58690
153,6	-2,58150
153,7	-2,57820
153,8	-2,57510
153,9	-2,57090
154,0	-2,56510
154,1	-2,55850
154,2	-2,55370
154,3	-2,55020
154,4	-2,54630
154,5	-2,54160
154,6	-2,53610
154,7	-2,53180
154,8	-2,52880
154,9	-2,52570
155,0	-2,52030
155,1	-2,51270
155,2	-2,50610
155,3	-2,50230
155,4	-2,49930
155,5	-2,49520
155,6	-2,48940
155,7	-2,48350
155,8	-2,47950
155,9	-2,47590
156,0	-2,47100
156,1	-2,46600
156,2	-2,46090
156,3	-2,45650
156,4	-2,45340
156,5	-2,44990
156,6	-2,44500
156,7	-2,43890
156,8	-2,43290
156,9	-2,42830
157,0	-2,42500
157,1	-2,42130
157,2	-2,41570
157,3	-2,40920
157,4	-2,40430
157,5	-2,40120
157,6	-2,39690
157,7	-2,39070
157,8	-2,38450
157,9	-2,37950
158,0	-2,37630
158,1	-2,37380
158,2	-2,36900
158,3	-2,36100
158,4	-2,35340
158,5	-2,34890
158,6	-2,34630
158,7	-2,34300
158,8	-2,33730
158,9	-2,33050
159,0	-2,32550
159,1	-2,32260
159,2	-2,31840
159,3	-2,31240
159,4	-2,30630
159,5	-2,30130
159,6	-2,29820
159,7	-2,29590
159,8	-2,29130
159,9	-2,28390
160,0	-2,27720
160,1	-2,27310
160,2	-2,27040
160,3	-2,26620
160,4	-2,25930
160,5	-2,25210
160,6	-2,24750
160,7	-2,24480
160,8	-2,24050
160,9	-2,23430
161,0	-2,22780
161,1	-2,22230
161,2	-2,21960
161,3	-2,21750
161,4	-2,21260
161,5	-2,20490
161,6	-2,19780
161,7	-2,19440
161,8	-2,19230
161,9	-2,18740
162,0	-2,17970
162,1	-2,17230
162,2	-2,16790
162,3	-2,16530
162,4	-2,16110
162,5	-2,15440
162,6	-2,14760
162,7	-2,14330
162,8	-2,14130
162,9	-2,13830
163,0	-2,13270
163,1	-2,12480
163,2	-2,11810
163,3	-2,11540
163,4	-2,11310
163,5	-2,10750
163,6	-2,09980
163,7	-2,09280
163,8	-2,08870
163,9	-2,08640
164,0	-2,08190
164,1	-2,07470
164,2	-2,06790
164,3	-2,06380
164,4	-2,06150
164,5	-2,05830
164,6	-2,05130
164,7	-2,04240
164,8	-2,03620
164,9	-2,03290
165,0	-2,03100
165,1	-2,02680
165,2	-2,01870
165,3	-2,01050
165,4	-2,00660
165,5	-2,00470
165,6	-2,00050
165,7	-1,99380
165,8	-1,98650
165,9	-1,98180
166,0	-1,98000
166,1	-1,97740
166,2	-1,97060
166,3	-1,96220
166,4	-1,95650
166,5	-1,95360
166,6	-1,95090
166,7	-1,94550
166,8	-1,93660
166,9	-1,92810
167,0	-1,92390
167,1	-1,92140
167,2	-1,91720
167,3	-1,91070
167,4	-1,90370
167,5	-1,89940
167,6	-1,89750
167,7	-1,89360
167,8	-1,88630
167,9	-1,87860
168,0	-1,87330
168,1	-1,87080
168,2	-1,86830
168,3	-1,86250
168,4	-1,85360
168,5	-1,84600
168,6	-1,84230
168,7	-1,84040
168,8	-1,83670
168,9	-1,82960
169,0	-1,82220
169,1	-1,81800
169,2	-1,81610
169,3	-1,81310
169,4	-1,80620
169,5	-1,79750
169,6	-1,79160
169,7	-1,78900
169,8	-1,78670
169,9	-1,78020
170,0	-1,77090
170,1	-1,76370
170,2	-1,76040
170,3	-1,75910
170,4	-1,75520
170,5	-1,74590
170,6	-1,73560
170,7	-1,73120
170,8	-1,73050
170,9	-1,72740
171,0	-1,72010
171,1	-1,71120
171,2	-1,70520
171,3	-1,70360
171,4	-1,70170
171,5	-1,69490
171,6	-1,68530
171,7	-1,67810
171,8	-1,67530
171,9	-1,67410
172,0	-1,66950
172,1	-1,66040
172,2	-1,65130
172,3	-1,64680
172,4	-1,64590
172,5	-1,64290
172,6	-1,63410
172,7	-1,62290
172,8	-1,61630
172,9	-1,61530
173,0	-1,61270
173,1	-1,60500
173,2	-1,59580
173,3	-1,58930
173,4	-1,58720
173,5	-1,58550
173,6	-1,57990
173,7	-1,57020
173,8	-1,56130
173,9	-1,55710
174,0	-1,55540
174,1	-1,55070
174,2	-1,54110
174,3	-1,53160
174,4	-1,52670
174,5	-1,52480
174,6	-1,52130
174,7	-1,51360
174,8	-1,50410
174,9	-1,49730
175,0	-1,49460
175,1	-1,49210
175,2	-1,48540
175,3	-1,47470
175,4	-1,46500
175,5	-1,46080
175,6	-1,45860
175,7	-1,45320
175,8	-1,44380
175,9	-1,43470
176,0	-1,42950
176,1	-1,42700
176,2	-1,42230
176,3	-1,41350
176,4	-1,40360
176,5	-1,39640
176,6	-1,39350
176,7	-1,39020
176,8	-1,38240
176,9	-1,37220
177,0	-1,36420
177,1	-1,36050
177,2	-1,35950
177,3	-1,36000
177,4	-1,36230
177,5	-1,36680
177,6	-1,37380
177,7	-1,38050
177,8	-1,38500
177,9	-1,38890
178,0	-1,39400
178,1	-1,40000
178,2	-1,40610
178,3	-1,41130
178,4	-1,41560
178,5	-1,42120
178,6	-1,42870
178,7	-1,43570
178,8	-1,44070
178,9	-1,44370
179,0	-1,44710
179,1	-1,45360
179,2	-1,46190
179,3	-1,46840
179,4	-1,47240
179,5	-1,47600
179,6	-1,48160
179,7	-1,48920
179,8	-1,49610
179,9	-1,50070
180,0	-1,50450
180,1	-1,50970
180,2	-1,51580
180,3	-1,52100
180,4	-1,52500
180,5	-1,52840
180,6	-1,53350
180,7	-1,54050
180,8	-1,54790
180,9	-1,55380
181,0	-1,55780
181,1	-1,56190
181,2	-1,56770
181,3	-1,57460
181,4	-1,58090
181,5	-1,58530
181,6	-1,58890
181,7	-1,59320
181,8	-1,59830
181,9	-1,60450
182,0	-1,61060
182,1	-1,61490
182,2	-1,61910
182,3	-1,62480
182,4	-1,63130
182,5	-1,63690
182,6	-1,64150
182,7	-1,64530
182,8	-1,65000
182,9	-1,65630
183,0	-1,66200
183,1	-1,66610
183,2	-1,67000
183,3	-1,67410
183,4	-1,67900
183,5	-1,68500
183,6	-1,69060
183,7	-1,69510
183,8	-1,69940
183,9	-1,70470
184,0	-1,71010
184,1	-1,71410
184,2	-1,71690
184,3	-1,72070
184,4	-1,72710
184,5	-1,73430
184,6	-1,74050
184,7	-1,74500
184,8	-1,74870
184,9	-1,75280
185,0	-1,75760
185,1	-1,76350
185,2	-1,76900
185,3	-1,77310
185,4	-1,77760
185,5	-1,78280
185,6	-1,78820
185,7	-1,79300
185,8	-1,79750
185,9	-1,80140
186,0	-1,80610
186,1	-1,81140
186,2	-1,81620
186,3	-1,82060
186,4	-1,82500
186,5	-1,82900
186,6	-1,83260
186,7	-1,83660
186,8	-1,84170
186,9	-1,84650
187,0	-1,85080
187,1	-1,85540
187,2	-1,86060
187,3	-1,86540
187,4	-1,86920
187,5	-1,87250
187,6	-1,87630
187,7	-1,88170
187,8	-1,88750
187,9	-1,89270
188,0	-1,89700
188,1	-1,90110
188,2	-1,90540
188,3	-1,90960
188,4	-1,91320
188,5	-1,91680
188,6	-1,92140
188,7	-1,92710
188,8	-1,93300
188,9	-1,93800
189,0	-1,94170
189,1	-1,94550
189,2	-1,95020
189,3	-1,95550
189,4	-1,96070
189,5	-1,96510
189,6	-1,96870
189,7	-1,97270
189,8	-1,97800
189,9	-1,98320
190,0	-1,98690
190,1	-1,98950
190,2	-1,99250
190,3	-1,99760
190,4	-2,00370
190,5	-2,00850
190,6	-2,01220
190,7	-2,01580
190,8	-2,02060
190,9	-2,02540
191,0	-2,02900
191,1	-2,03190
191,2	-2,03580
191,3	-2,04150
191,4	-2,04750
191,5	-2,05280
191,6	-2,05670
191,7	-2,06010
191,8	-2,06410
191,9	-2,06830
192,0	-2,07280
192,1	-2,07730
192,2	-2,08090
192,3	-2,08460
192,4	-2,09030
192,5	-2,09620
192,6	-2,10080
192,7	-2,10410
192,8	-2,10770
192,9	-2,11300
193,0	-2,11860
193,1	-2,12350
193,2	-2,12780
193,3	-2,13190
193,4	-2,13590
193,5	-2,14030
193,6	-2,14430
193,7	-2,14740
193,8	-2,15060
193,9	-2,15460
194,0	-2,15980
194,1	-2,16560
194,2	-2,17070
194,3	-2,17470
194,4	-2,17840
194,5	-2,18230
194,6	-2,18720
194,7	-2,19320
194,8	-2,19830
194,9	-2,20180
195,0	-2,20520
195,1	-2,20970
195,2	-2,21530
195,3	-2,22020
195,4	-2,22350
195,5	-2,22600
195,6	-2,22960
195,7	-2,23550
195,8	-2,24140
195,9	-2,24600
196,0	-2,24990
196,1	-2,25350
196,2	-2,25830
196,3	-2,26400
196,4	-2,26900
196,5	-2,27290
196,6	-2,27670
196,7	-2,28100
196,8	-2,28600
196,9	-2,29070
197,0	-2,29400
197,1	-2,29690
197,2	-2,30030
197,3	-2,30530
197,4	-2,31050
197,5	-2,31470
197,6	-2,31830
197,7	-2,32180
197,8	-2,32710
197,9	-2,33300
198,0	-2,33740
198,1	-2,33980
198,2	-2,34230
198,3	-2,34710
198,4	-2,35290
198,5	-2,35780
198,6	-2,36180
198,7	-2,36550
198,8	-2,36960
198,9	-2,37460
199,0	-2,37910
199,1	-2,38180
199,2	-2,38390
199,3	-2,38700
199,4	-2,39180
199,5	-2,39720
199,6	-2,40190
199,7	-2,40460
199,8	-2,40740
199,9	-2,41120
200,0	-2,41590
200,1	-2,42110
200,2	-2,42460
200,3	-2,42710
200,4	-2,43030
200,5	-2,43430
200,6	-2,43920
200,7	-2,44360
200,8	-2,44600
200,9	-2,44810
201,0	-2,45180
201,1	-2,45630
201,2	-2,46000
201,3	-2,46210
201,4	-2,46340
201,5	-2,46670
201,6	-2,47240
201,7	-2,47820
201,8	-2,48250
201,9	-2,48480
202,0	-2,48700
202,1	-2,49050
202,2	-2,49430
202,3	-2,49700
202,4	-2,49890
202,5	-2,50080
202,6	-2,50470
202,7	-2,51130
202,8	-2,51730
202,9	-2,52110
203,0	-2,52360
203,1	-2,52630
203,2	-2,53050
203,3	-2,53480
203,4	-2,53750
203,5	-2,53880
203,6	-2,54030
203,7	-2,54390
203,8	-2,54920
203,9	-2,55350
204,0	-2,55620
204,1	-2,55800
204,2	-2,56040
204,3	-2,56480
204,4	-2,56920
204,5	-2,57220
204,6	-2,57330
204,7	-2,57490
204,8	-2,57920
204,9	-2,58460
205,0	-2,58850
205,1	-2,58990
205,2	-2,59070
205,3	-2,59360
205,4	-2,59850
205,5	-2,60260
205,6	-2,60410
205,7	-2,60440
205,8	-2,60670
205,9	-2,61120
206,0	-2,61500
206,1	-2,61670
206,2	-2,61700
206,3	-2,61780
206,4	-2,62070
206,5	-2,62530
206,6	-2,62820
206,7	-2,62840
206,8	-2,62980
206,9	-2,63370
207,0	-2,63850
207,1	-2,64120
207,2	-2,64130
207,3	-2,64160
207,4	-2,64420
207,5	-2,64810
207,6	-2,65130
207,7	-2,65210
207,8	-2,65170
207,9	-2,65320
208,0	-2,65800
208,1	-2,66280
208,2	-2,66390
208,3	-2,66270
208,4	-2,66350
208,5	-2,66770
208,6	-2,67260
208,7	-2,67520
208,8	-2,67540
208,9	-2,67540
209,0	-2,67740
209,1	-2,68150
209,2	-2,68460
209,3	-2,68560
209,4	-2,68580
209,5	-2,68720
209,6	-2,69060
209,7	-2,69360
209,8	-2,69490
209,9	-2,69480
210,0	-2,69500
210,1	-2,69710
210,2	-2,69990
210,3	-2,70150
210,4	-2,70150
210,5	-2,70150
210,6	-2,70370
210,7	-2,70780
210,8	-2,71090
210,9	-2,71150
211,0	-2,71080
211,1	-2,71150
211,2	-2,71500
211,3	-2,71820
211,4	-2,71940
211,5	-2,71880
211,6	-2,71860
211,7	-2,72110
211,8	-2,72430
211,9	-2,72550
212,0	-2,72470
212,1	-2,72380
212,2	-2,72500
212,3	-2,72820
212,4	-2,73050
212,5	-2,73020
212,6	-2,72900
212,7	-2,72980
212,8	-2,73270
212,9	-2,73570
213,0	-2,73580
213,1	-2,73410
213,2	-2,73420
213,3	-2,73690
213,4	-2,74050
213,5	-2,74180
213,6	-2,73990
213,7	-2,73840
213,8	-2,73970
213,9	-2,74280
214,0	-2,74500
214,1	-2,74360
214,2	-2,74140
214,3	-2,74220
214,4	-2,74540
214,5	-2,74810
214,6	-2,74790
214,7	-2,74520
214,8	-2,74370
214,9	-2,74620
215,0	-2,74950
215,1	-2,74950
215,2	-2,74730
215,3	-2,74620
215,4	-2,74780
215,5	-2,75070
215,6	-2,75190
215,7	-2,75050
215,8	-2,74780
215,9	-2,74770
216,0	-2,75070
216,1	-2,75290
216,2	-2,75150
216,3	-2,74830
216,4	-2,74750
216,5	-2,74980
216,6	-2,75230
216,7	-2,75240
216,8	-2,75040
216,9	-2,74890
217,0	-2,75020
217,1	-2,75310
217,2	-2,75400
217,3	-2,75170
217,4	-2,74900
217,5	-2,74950
217,6	-2,75260
217,7	-2,75440
217,8	-2,75320
217,9	-2,75010
218,0	-2,74940
218,1	-2,75280
218,2	-2,75610
218,3	-2,75550
218,4	-2,75170
218,5	-2,74880
218,6	-2,75000
218,7	-2,75400
218,8	-2,75550
218,9	-2,75270
219,0	-2,74930
219,1	-2,74990
219,2	-2,75400
219,3	-2,75600
219,4	-2,75360
219,5	-2,75010
219,6	-2,74930
219,7	-2,75220
219,8	-2,75550
219,9	-2,75440
220,0	-2,75050
220,1	-2,74880
220,2	-2,75050
220,3	-2,75390
220,4	-2,75490
220,5	-2,75230
220,6	-2,74910
220,7	-2,74930
220,8	-2,75290
220,9	-2,75480
221,0	-2,75240
221,1	-2,74860
221,2	-2,74800
221,3	-2,75110
221,4	-2,75350
221,5	-2,75200
221,6	-2,74830
221,7	-2,74650
221,8	-2,74820
221,9	-2,75160
222,0	-2,75190
222,1	-2,74750
222,2	-2,74350
222,3	-2,74410
222,4	-2,74740
222,5	-2,74870
222,6	-2,74600
222,7	-2,74120
222,8	-2,74060
222,9	-2,74480
223,0	-2,74750
223,1	-2,74540
223,2	-2,74040
223,3	-2,73800
223,4	-2,74010
223,5	-2,74350
223,6	-2,74340
223,7	-2,73880
223,8	-2,73500
223,9	-2,73580
224,0	-2,73940
224,1	-2,74060
224,2	-2,73680
224,3	-2,73220
224,4	-2,73130
224,5	-2,73410
224,6	-2,73730
224,7	-2,73560
224,8	-2,73050
224,9	-2,72810
225,0	-2,72940
225,1	-2,73210
225,2	-2,73170
225,3	-2,72730
225,4	-2,72390
225,5	-2,72360
225,6	-2,72620
225,7	-2,72710
225,8	-2,72400
225,9	-2,71960
226,0	-2,71830
226,1	-2,72070
226,2	-2,72230
226,3	-2,71950
226,4	-2,71470
226,5	-2,71250
226,6	-2,71400
226,7	-2,71640
226,8	-2,71560
226,9	-2,71110
227,0	-2,70700
227,1	-2,70690
227,2	-2,70920
227,3	-2,70940
227,4	-2,70610
227,5	-2,70190
227,6	-2,70040
227,7	-2,70210
227,8	-2,70270
227,9	-2,70050
228,0	-2,69750
228,1	-2,69560
228,2	-2,69560
228,3	-2,69620
