0,0	0,53550
0,1	0,53100
0,2	0,52650
0,3	0,52200
0,4	0,51760
0,5	0,51320
0,6	0,50880
0,7	0,50430
0,8	0,49980
0,9	0,49540
1,0	0,49110
1,1	0,48670
1,2	0,48230
1,3	0,47780
1,4	0,47340
1,5	0,46910
1,6	0,46470
1,7	0,46020
1,8	0,45560
1,9	0,45120
2,0	0,44670
2,1	0,44230
2,2	0,43780
2,3	0,43330
2,4	0,42880
2,5	0,42430
2,6	0,41990
2,7	0,41540
2,8	0,41100
2,9	0,40650
3,0	0,40210
3,1	0,39770
3,2	0,39320
3,3	0,38870
3,4	0,38410
3,5	0,37960
3,6	0,37520
3,7	0,37090
3,8	0,36650
3,9	0,36200
4,0	0,35760
4,1	0,35320
4,2	0,34890
4,3	0,34450
4,4	0,34010
4,5	0,33550
4,6	0,33120
4,7	0,32710
4,8	0,32280
4,9	0,31840
5,0	0,31380
5,1	0,30930
5,2	0,30510
5,3	0,30090
5,4	0,29640
5,5	0,29170
5,6	0,28720
5,7	0,28300
5,8	0,27890
5,9	0,27460
6,0	0,26980
6,1	0,26510
6,2	0,26070
6,3	0,25660
6,4	0,25230
6,5	0,24770
6,6	0,24300
6,7	0,23840
6,8	0,23420
6,9	0,23000
7,0	0,22560
7,1	0,22090
7,2	0,21630
7,3	0,21200
7,4	0,20790
7,5	0,20360
7,6	0,19890
7,7	0,19430
7,8	0,19000
7,9	0,18600
8,0	0,18180
8,1	0,17730
8,2	0,17250
8,3	0,16800
8,4	0,16390
8,5	0,15980
8,6	0,15520
8,7	0,15020
8,8	0,14550
8,9	0,14120
9,0	0,13700
9,1	0,13250
9,2	0,12770
9,3	0,12300
9,4	0,11860
9,5	0,11460
9,6	0,11040
9,7	0,10570
9,8	0,10080
9,9	0,09630
10,0	0,09220
10,1	0,08810
10,2	0,08350
10,3	0,07870
10,4	0,07410
10,5	0,06990
10,6	0,06600
10,7	0,06160
10,8	0,05680
10,9	0,05210
11,0	0,04780
11,1	0,04380
11,2	0,03950
11,3	0,03490
11,4	0,03010
11,5	0,02570
11,6	0,02170
11,7	0,01760
11,8	0,01310
11,9	0,00830
12,0	0,00380
12,1	-0,00030
12,2	-0,00420
12,3	-0,00860
12,4	-0,01330
12,5	-0,01800
12,6	-0,02220
12,7	-0,02620
12,8	-0,03040
12,9	-0,03500
13,0	-0,03970
13,1	-0,04400
13,2	-0,04800
13,3	-0,05200
13,4	-0,05650
13,5	-0,06130
13,6	-0,06580
13,7	-0,06990
13,8	-0,07380
13,9	-0,07790
14,0	-0,08220
14,1	-0,08620
14,2	-0,08960
14,3	-0,09250
14,4	-0,09560
14,5	-0,09890
14,6	-0,10200
14,7	-0,10450
14,8	-0,10660
14,9	-0,10860
15,0	-0,11090
15,1	-0,11330
15,2	-0,11520
15,3	-0,11650
15,4	-0,11770
15,5	-0,11920
15,6	-0,12090
15,7	-0,12220
15,8	-0,12300
15,9	-0,12350
16,0	-0,12420
16,1	-0,12520
16,2	-0,12600
16,3	-0,12630
16,4	-0,12630
16,5	-0,12640
16,6	-0,12680
16,7	-0,12720
16,8	-0,12720
16,9	-0,12680
17,0	-0,12630
17,1	-0,12620
17,2	-0,12620
17,3	-0,12590
17,4	-0,12520
17,5	-0,12430
17,6	-0,12360
17,7	-0,12320
17,8	-0,12260
17,9	-0,12160
18,0	-0,12030
18,1	-0,11920
18,2	-0,11850
18,3	-0,11780
18,4	-0,11660
18,5	-0,11500
18,6	-0,11350
18,7	-0,11230
18,8	-0,11140
18,9	-0,11010
19,0	-0,10830
19,1	-0,10660
19,2	-0,10530
19,3	-0,10420
19,4	-0,10270
19,5	-0,10090
19,6	-0,09910
19,7	-0,09750
19,8	-0,09600
19,9	-0,09450
20,0	-0,09270
20,1	-0,09060
20,2	-0,08860
20,3	-0,08690
20,4	-0,08510
20,5	-0,08310
20,6	-0,08080
20,7	-0,07860
20,8	-0,07670
20,9	-0,07490
21,0	-0,07280
21,1	-0,07040
21,2	-0,06780
21,3	-0,06550
21,4	-0,06360
21,5	-0,06150
21,6	-0,05910
21,7	-0,05640
21,8	-0,05390
21,9	-0,05180
22,0	-0,04970
22,1	-0,04720
22,2	-0,04450
22,3	-0,04180
22,4	-0,03960
22,5	-0,03750
22,6	-0,03510
22,7	-0,03240
22,8	-0,02960
22,9	-0,02700
23,0	-0,02480
23,1	-0,02250
23,2	-0,01980
23,3	-0,01700
23,4	-0,01440
23,5	-0,01210
23,6	-0,00980
23,7	-0,00720
23,8	-0,00430
23,9	-0,00150
24,0	0,00090
24,1	0,00310
24,2	0,00560
24,3	0,00850
24,4	0,01140
24,5	0,01400
24,6	0,01640
24,7	0,01880
24,8	0,02160
24,9	0,02450
25,0	0,02720
25,1	0,02970
25,2	0,03210
25,3	0,03480
25,4	0,03780
25,5	0,04070
25,6	0,04320
25,7	0,04560
25,8	0,04820
25,9	0,05120
26,0	0,05420
26,1	0,05680
26,2	0,05920
26,3	0,06170
26,4	0,06450
26,5	0,06750
26,6	0,07030
26,7	0,07270
26,8	0,07510
26,9	0,07790
27,0	0,08100
27,1	0,08390
27,2	0,08650
27,3	0,08890
27,4	0,09150
27,5	0,09450
27,6	0,09750
27,7	0,10020
27,8	0,10250
27,9	0,10510
28,0	0,10800
28,1	0,11100
28,2	0,11370
28,3	0,11610
28,4	0,11860
28,5	0,12140
28,6	0,12450
28,7	0,12740
28,8	0,12990
28,9	0,13220
29,0	0,13490
29,1	0,13790
29,2	0,14090
29,3	0,14350
29,4	0,14580
29,5	0,14840
29,6	0,15130
29,7	0,15440
29,8	0,15710
29,9	0,15950
30,0	0,16200
30,1	0,16480
30,2	0,16790
30,3	0,17070
30,4	0,17320
30,5	0,17550
30,6	0,17820
30,7	0,18120
30,8	0,18410
30,9	0,18670
31,0	0,18900
31,1	0,19160
31,2	0,19450
31,3	0,19750
31,4	0,20030
31,5	0,20270
31,6	0,20520
31,7	0,20800
31,8	0,21100
31,9	0,21380
32,0	0,21630
32,1	0,21860
32,2	0,22120
32,3	0,22420
32,4	0,22710
32,5	0,22960
32,6	0,23190
32,7	0,23440
32,8	0,23730
32,9	0,24030
33,0	0,24300
33,1	0,24530
33,2	0,24770
33,3	0,25050
33,4	0,25350
33,5	0,25630
33,6	0,25870
33,7	0,26100
33,8	0,26370
33,9	0,26660
34,0	0,26950
34,1	0,27200
34,2	0,27430
34,3	0,27690
34,4	0,27970
34,5	0,28260
34,6	0,28520
34,7	0,28760
34,8	0,29000
34,9	0,29270
35,0	0,29560
35,1	0,29830
35,2	0,30060
35,3	0,30290
35,4	0,30560
35,5	0,30850
35,6	0,31130
35,7	0,31370
35,8	0,31600
35,9	0,31850
36,0	0,32140
36,1	0,32420
36,2	0,32680
36,3	0,32910
36,4	0,33150
36,5	0,33430
36,6	0,33720
36,7	0,33990
36,8	0,34220
36,9	0,34460
37,0	0,34720
37,1	0,35010
37,2	0,35280
37,3	0,35530
37,4	0,35750
37,5	0,36010
37,6	0,36290
37,7	0,36570
37,8	0,36830
37,9	0,37050
38,0	0,37290
38,1	0,37560
38,2	0,37840
38,3	0,38100
38,4	0,38320
38,5	0,38550
38,6	0,38810
38,7	0,39090
38,8	0,39360
38,9	0,39590
39,0	0,39820
39,1	0,40060
39,2	0,40340
39,3	0,40620
39,4	0,40870
39,5	0,41090
39,6	0,41320
39,7	0,41590
39,8	0,41870
39,9	0,42120
40,0	0,42340
40,1	0,42570
40,2	0,42820
40,3	0,43100
40,4	0,43360
40,5	0,43600
40,6	0,43810
40,7	0,44060
40,8	0,44330
40,9	0,44600
41,0	0,44830
41,1	0,45050
41,2	0,45280
41,3	0,45540
41,4	0,45810
41,5	0,46050
41,6	0,46270
41,7	0,46480
41,8	0,46740
41,9	0,47010
42,0	0,47260
42,1	0,47480
42,2	0,47690
42,3	0,47930
42,4	0,48200
42,5	0,48460
42,6	0,48690
42,7	0,48900
42,8	0,49130
42,9	0,49390
43,0	0,49650
43,1	0,49880
43,2	0,50090
43,3	0,50310
43,4	0,50560
43,5	0,50820
43,6	0,51070
43,7	0,51280
43,8	0,51490
43,9	0,51730
44,0	0,51990
44,1	0,52240
44,2	0,52460
44,3	0,52670
44,4	0,52890
44,5	0,53150
44,6	0,53410
44,7	0,53630
44,8	0,53830
44,9	0,54040
45,0	0,54280
45,1	0,54540
45,2	0,54780
45,3	0,54980
45,4	0,55180
45,5	0,55410
45,6	0,55660
45,7	0,55910
45,8	0,56110
45,9	0,56310
46,0	0,56530
46,1	0,56780
46,2	0,57030
46,3	0,57250
46,4	0,57440
46,5	0,57650
46,6	0,57880
46,7	0,58130
46,8	0,58360
46,9	0,58560
47,0	0,58750
47,1	0,58970
47,2	0,59220
47,3	0,59450
47,4	0,59650
47,5	0,59830
47,6	0,60040
47,7	0,60280
47,8	0,60510
47,9	0,60720
48,0	0,60910
48,1	0,61110
48,2	0,61340
48,3	0,61570
48,4	0,61790
48,5	0,61970
48,6	0,62160
48,7	0,62370
48,8	0,62600
48,9	0,62820
49,0	0,63010
49,1	0,63180
49,2	0,63390
49,3	0,63620
49,4	0,63840
49,5	0,64040
49,6	0,64210
49,7	0,64400
49,8	0,64620
49,9	0,64850
50,0	0,65060
50,1	0,65240
50,2	0,65420
50,3	0,65630
50,4	0,65860
50,5	0,66070
50,6	0,66250
50,7	0,66430
50,8	0,66630
50,9	0,66850
51,0	0,67070
51,1	0,67250
51,2	0,67420
51,3	0,67600
51,4	0,67810
51,5	0,68030
51,6	0,68220
51,7	0,68390
51,8	0,68570
51,9	0,68770
52,0	0,68980
52,1	0,69180
52,2	0,69360
52,3	0,69530
52,4	0,69720
52,5	0,69940
52,6	0,70150
52,7	0,70330
52,8	0,70480
52,9	0,70660
53,0	0,70860
53,1	0,71070
53,2	0,71250
53,3	0,71410
53,4	0,71570
53,5	0,71770
53,6	0,71980
53,7	0,72160
53,8	0,72320
53,9	0,72470
54,0	0,72660
54,1	0,72860
54,2	0,73050
54,3	0,73220
54,4	0,73360
54,5	0,73530
54,6	0,73730
54,7	0,73930
54,8	0,74100
54,9	0,74250
55,0	0,74410
55,1	0,74600
55,2	0,74790
55,3	0,74970
55,4	0,75110
55,5	0,75250
55,6	0,75420
55,7	0,75620
55,8	0,75800
55,9	0,75940
56,0	0,76080
56,1	0,76240
56,2	0,76430
56,3	0,76610
56,4	0,76760
56,5	0,76900
56,6	0,77040
56,7	0,77220
56,8	0,77400
56,9	0,77560
57,0	0,77690
57,1	0,77820
57,2	0,77990
57,3	0,78170
57,4	0,78330
57,5	0,78470
57,6	0,78600
57,7	0,78760
57,8	0,78930
57,9	0,79100
58,0	0,79240
58,1	0,79360
58,2	0,79500
58,3	0,79660
58,4	0,79830
58,5	0,79980
58,6	0,80090
58,7	0,80210
58,8	0,80360
58,9	0,80530
59,0	0,80690
59,1	0,80800
59,2	0,80910
59,3	0,81050
59,4	0,81210
59,5	0,81370
59,6	0,81500
59,7	0,81600
59,8	0,81730
59,9	0,81880
60,0	0,82050
60,1	0,82180
60,2	0,82280
60,3	0,82390
60,4	0,82530
60,5	0,82700
60,6	0,82840
60,7	0,82950
60,8	0,83050
60,9	0,83180
61,0	0,83330
61,1	0,83480
61,2	0,83590
61,3	0,83690
61,4	0,83810
61,5	0,83960
61,6	0,84100
61,7	0,84220
61,8	0,84310
61,9	0,84420
62,0	0,84550
62,1	0,84700
62,2	0,84820
62,3	0,84920
62,4	0,85020
62,5	0,85140
62,6	0,85280
62,7	0,85410
62,8	0,85500
62,9	0,85590
63,0	0,85690
63,1	0,85830
63,2	0,85960
63,3	0,86060
63,4	0,86140
63,5	0,86240
63,6	0,86360
63,7	0,86490
63,8	0,86600
63,9	0,86680
64,0	0,86760
64,1	0,86880
64,2	0,87010
64,3	0,87120
64,4	0,87200
64,5	0,87270
64,6	0,87370
64,7	0,87490
64,8	0,87610
64,9	0,87690
65,0	0,87760
65,1	0,87840
65,2	0,87950
65,3	0,88070
65,4	0,88160
65,5	0,88230
65,6	0,88300
65,7	0,88400
65,8	0,88520
65,9	0,88610
66,0	0,88680
66,1	0,88740
66,2	0,88820
66,3	0,88930
66,4	0,89030
66,5	0,89100
66,6	0,89160
66,7	0,89230
66,8	0,89330
66,9	0,89420
67,0	0,89500
67,1	0,89550
67,2	0,89600
67,3	0,89690
67,4	0,89790
67,5	0,89860
67,6	0,89910
67,7	0,89960
67,8	0,90030
67,9	0,90130
68,0	0,90210
68,1	0,90260
68,2	0,90300
68,3	0,90360
68,4	0,90450
68,5	0,90540
68,6	0,90590
68,7	0,90630
68,8	0,90680
68,9	0,90750
69,0	0,90840
69,1	0,90900
69,2	0,90930
69,3	0,90970
69,4	0,91030
69,5	0,91110
69,6	0,91180
69,7	0,91220
69,8	0,91240
69,9	0,91290
70,0	0,91370
70,1	0,91440
70,2	0,91470
70,3	0,91490
70,4	0,91530
70,5	0,91600
70,6	0,91670
70,7	0,91720
70,8	0,91730
70,9	0,91760
71,0	0,91810
71,1	0,91880
71,2	0,91930
71,3	0,91960
71,4	0,91970
71,5	0,92010
71,6	0,92080
71,7	0,92130
71,8	0,92160
71,9	0,92160
72,0	0,92190
72,1	0,92250
72,2	0,92310
72,3	0,92340
72,4	0,92350
72,5	0,92360
72,6	0,92400
72,7	0,92460
72,8	0,92500
72,9	0,92510
73,0	0,92510
73,1	0,92550
73,2	0,92600
73,3	0,92650
73,4	0,92650
73,5	0,92650
73,6	0,92660
73,7	0,92710
73,8	0,92760
73,9	0,92770
74,0	0,92760
74,1	0,92760
74,2	0,92790
74,3	0,92840
74,4	0,92860
74,5	0,92850
74,6	0,92840
74,7	0,92860
74,8	0,92910
74,9	0,92930
75,0	0,92920
75,1	0,92900
75,2	0,92900
75,3	0,92940
75,4	0,92970
75,5	0,92970
75,6	0,92940
75,7	0,92920
75,8	0,92940
75,9	0,92970
76,0	0,92980
76,1	0,92950
76,2	0,92920
76,3	0,92930
76,4	0,92960
76,5	0,92960
76,6	0,92940
76,7	0,92900
76,8	0,92890
76,9	0,92910
77,0	0,92930
77,1	0,92910
77,2	0,92860
77,3	0,92840
77,4	0,92850
77,5	0,92870
77,6	0,92850
77,7	0,92810
77,8	0,92770
77,9	0,92770
78,0	0,92790
78,1	0,92780
78,2	0,92740
78,3	0,92700
78,4	0,92680
78,5	0,92690
78,6	0,92690
78,7	0,92660
78,8	0,92610
78,9	0,92580
79,0	0,92580
79,1	0,92580
79,2	0,92550
79,3	0,92500
79,4	0,92450
79,5	0,92440
79,6	0,92440
79,7	0,92420
79,8	0,92370
79,9	0,92310
80,0	0,92280
80,1	0,92280
80,2	0,92260
80,3	0,92210
80,4	0,92140
80,5	0,92090
80,6	0,92080
80,7	0,92060
80,8	0,92020
80,9	0,91940
81,0	0,91880
81,1	0,91850
81,2	0,91840
81,3	0,91810
81,4	0,91730
81,5	0,91660
81,6	0,91620
81,7	0,91600
81,8	0,91570
81,9	0,91500
82,0	0,91420
82,1	0,91360
82,2	0,91340
82,3	0,91320
82,4	0,91260
82,5	0,91170
82,6	0,91100
82,7	0,91060
82,8	0,91040
82,9	0,90980
83,0	0,90900
83,1	0,90810
83,2	0,90760
83,3	0,90730
83,4	0,90680
83,5	0,90600
83,6	0,90500
83,7	0,90440
83,8	0,90400
83,9	0,90360
84,0	0,90280
84,1	0,90180
84,2	0,90090
84,3	0,90050
84,4	0,90010
84,5	0,89950
84,6	0,89840
84,7	0,89740
84,8	0,89680
84,9	0,89640
85,0	0,89580
85,1	0,89490
85,2	0,89380
85,3	0,89290
85,4	0,89250
85,5	0,89200
85,6	0,89100
85,7	0,88990
85,8	0,88890
85,9	0,88830
86,0	0,88780
86,1	0,88700
86,2	0,88580
86,3	0,88470
86,4	0,88390
86,5	0,88340
86,6	0,88260
86,7	0,88140
86,8	0,88020
86,9	0,87930
87,0	0,87870
87,1	0,87800
87,2	0,87690
87,3	0,87560
87,4	0,87450
87,5	0,87380
87,6	0,87310
87,7	0,87220
87,8	0,87090
87,9	0,86970
88,0	0,86890
88,1	0,86820
88,2	0,86730
88,3	0,86610
88,4	0,86480
88,5	0,86380
88,6	0,86310
88,7	0,86220
88,8	0,86100
88,9	0,85960
89,0	0,85840
89,1	0,85760
89,2	0,85680
89,3	0,85560
89,4	0,85420
89,5	0,85280
89,6	0,85190
89,7	0,85100
89,8	0,85000
89,9	0,84850
90,0	0,84720
90,1	0,84610
90,2	0,84530
90,3	0,84430
90,4	0,84290
90,5	0,84150
90,6	0,84030
90,7	0,83940
90,8	0,83850
90,9	0,83730
91,0	0,83580
91,1	0,83450
91,2	0,83350
91,3	0,83260
91,4	0,83140
91,5	0,82990
91,6	0,82840
91,7	0,82730
91,8	0,82630
91,9	0,82520
92,0	0,82370
92,1	0,82210
92,2	0,82080
92,3	0,81970
92,4	0,81870
92,5	0,81730
92,6	0,81560
92,7	0,81420
92,8	0,81300
92,9	0,81200
93,0	0,81070
93,1	0,80900
93,2	0,80750
93,3	0,80620
93,4	0,80510
93,5	0,80390
93,6	0,80240
93,7	0,80070
93,8	0,79930
93,9	0,79820
94,0	0,79700
94,1	0,79550
94,2	0,79380
94,3	0,79230
94,4	0,79100
94,5	0,78980
94,6	0,78840
94,7	0,78660
94,8	0,78490
94,9	0,78360
95,0	0,78240
95,1	0,78100
95,2	0,77930
95,3	0,77750
95,4	0,77600
95,5	0,77470
95,6	0,77340
95,7	0,77170
95,8	0,76990
95,9	0,76820
96,0	0,76690
96,1	0,76560
96,2	0,76400
96,3	0,76210
96,4	0,76030
96,5	0,75880
96,6	0,75750
96,7	0,75590
96,8	0,75410
96,9	0,75220
97,0	0,75060
97,1	0,74920
97,2	0,74780
97,3	0,74590
97,4	0,74400
97,5	0,74230
97,6	0,74080
97,7	0,73940
97,8	0,73760
97,9	0,73570
98,0	0,73390
98,1	0,73230
98,2	0,73090
98,3	0,72930
98,4	0,72740
98,5	0,72550
98,6	0,72380
98,7	0,72240
98,8	0,72080
98,9	0,71900
99,0	0,71700
99,1	0,71520
99,2	0,71370
99,3	0,71220
99,4	0,71040
99,5	0,70840
99,6	0,70650
99,7	0,70500
99,8	0,70350
99,9	0,70180
100,0	0,69980
100,1	0,69780
100,2	0,69610
100,3	0,69470
100,4	0,69300
100,5	0,69110
100,6	0,68900
100,7	0,68720
100,8	0,68560
100,9	0,68400
101,0	0,68210
101,1	0,68000
101,2	0,67800
101,3	0,67640
101,4	0,67480
101,5	0,67300
101,6	0,67090
101,7	0,66880
101,8	0,66700
101,9	0,66550
102,0	0,66370
102,1	0,66170
102,2	0,65960
102,3	0,65770
102,4	0,65600
102,5	0,65430
102,6	0,65230
102,7	0,65010
102,8	0,64800
102,9	0,64620
103,0	0,64460
103,1	0,64260
103,2	0,64040
103,3	0,63820
103,4	0,63640
103,5	0,63470
103,6	0,63290
103,7	0,63070
103,8	0,62840
103,9	0,62640
104,0	0,62480
104,1	0,62300
104,2	0,62090
104,3	0,61860
104,4	0,61650
104,5	0,61470
104,6	0,61290
104,7	0,61090
104,8	0,60860
104,9	0,60640
105,0	0,60450
105,1	0,60270
105,2	0,60080
105,3	0,59860
105,4	0,59630
105,5	0,59420
105,6	0,59250
105,7	0,59060
105,8	0,58850
105,9	0,58620
106,0	0,58410
106,1	0,58220
106,2	0,58050
106,3	0,57840
106,4	0,57610
106,5	0,57380
106,6	0,57190
106,7	0,57020
106,8	0,56820
106,9	0,56590
107,0	0,56360
107,1	0,56150
107,2	0,55970
107,3	0,55780
107,4	0,55560
107,5	0,55330
107,6	0,55110
107,7	0,54920
107,8	0,54740
107,9	0,54530
108,0	0,54290
108,1	0,54060
108,2	0,53870
108,3	0,53680
108,4	0,53480
108,5	0,53240
108,6	0,53000
108,7	0,52790
108,8	0,52610
108,9	0,52410
109,0	0,52180
109,1	0,51940
109,2	0,51720
109,3	0,51540
109,4	0,51350
109,5	0,51130
109,6	0,50890
109,7	0,50660
109,8	0,50460
109,9	0,50270
110,0	0,50050
110,1	0,49810
110,2	0,49570
110,3	0,49360
110,4	0,49170
110,5	0,48960
110,6	0,48730
110,7	0,48480
110,8	0,48250
110,9	0,48060
111,0	0,47870
111,1	0,47640
111,2	0,47390
111,3	0,47160
111,4	0,46950
111,5	0,46750
111,6	0,46540
111,7	0,46290
111,8	0,46040
111,9	0,45830
112,0	0,45630
112,1	0,45420
112,2	0,45180
112,3	0,44930
112,4	0,44700
112,5	0,44500
112,6	0,44300
112,7	0,44070
112,8	0,43820
112,9	0,43590
113,0	0,43380
113,1	0,43180
113,2	0,42960
113,3	0,42710
113,4	0,42470
113,5	0,42250
113,6	0,42050
113,7	0,41830
113,8	0,41590
113,9	0,41350
114,0	0,41120
114,1	0,40910
114,2	0,40710
114,3	0,40480
114,4	0,40230
114,5	0,39990
114,6	0,39770
114,7	0,39560
114,8	0,39330
114,9	0,39080
115,0	0,38830
115,1	0,38610
115,2	0,38400
115,3	0,38180
115,4	0,37930
115,5	0,37680
115,6	0,37450
115,7	0,37230
115,8	0,37020
115,9	0,36780
116,0	0,36530
116,1	0,36290
116,2	0,36070
116,3	0,35860
116,4	0,35630
116,5	0,35390
116,6	0,35150
116,7	0,34920
116,8	0,34710
116,9	0,34490
117,0	0,34240
117,1	0,33990
117,2	0,33760
117,3	0,33550
117,4	0,33330
117,5	0,33090
117,6	0,32840
117,7	0,32600
117,8	0,32380
117,9	0,32160
118,0	0,31920
118,1	0,31670
118,2	0,31430
118,3	0,31200
118,4	0,30980
118,5	0,30740
118,6	0,30490
118,7	0,30250
118,8	0,30010
118,9	0,29790
119,0	0,29560
119,1	0,29320
119,2	0,29070
119,3	0,28830
119,4	0,28600
119,5	0,28380
119,6	0,28150
119,7	0,27900
119,8	0,27660
119,9	0,27440
120,0	0,27220
120,1	0,26990
120,2	0,26750
120,3	0,26500
120,4	0,26280
120,5	0,26060
120,6	0,25840
120,7	0,25600
120,8	0,25350
120,9	0,25110
121,0	0,24880
121,1	0,24660
121,2	0,24420
121,3	0,24170
121,4	0,23930
121,5	0,23700
121,6	0,23470
121,7	0,23240
121,8	0,23000
121,9	0,22760
122,0	0,22530
122,1	0,22320
122,2	0,22090
122,3	0,21850
122,4	0,21600
122,5	0,21360
122,6	0,21140
122,7	0,20910
122,8	0,20670
122,9	0,20420
123,0	0,20180
123,1	0,19950
123,2	0,19720
123,3	0,19490
123,4	0,19240
123,5	0,19000
123,6	0,18770
123,7	0,18550
123,8	0,18320
123,9	0,18070
124,0	0,17810
124,1	0,17580
124,2	0,17360
124,3	0,17130
124,4	0,16880
124,5	0,16620
124,6	0,16380
124,7	0,16160
124,8	0,15930
124,9	0,15690
125,0	0,15430
125,1	0,15180
125,2	0,14960
125,3	0,14730
125,4	0,14490
125,5	0,14240
125,6	0,13990
125,7	0,13760
125,8	0,13530
125,9	0,13300
126,0	0,13060
126,1	0,12800
126,2	0,12560
126,3	0,12340
126,4	0,12120
126,5	0,11880
126,6	0,11630
126,7	0,11380
126,8	0,11160
126,9	0,10940
127,0	0,10700
127,1	0,10450
127,2	0,10200
127,3	0,09970
127,4	0,09760
127,5	0,09520
127,6	0,09270
127,7	0,09020
127,8	0,08780
127,9	0,08560
128,0	0,08320
128,1	0,08070
128,2	0,07820
128,3	0,07570
128,4	0,07350
128,5	0,07120
128,6	0,06880
128,7	0,06620
128,8	0,06370
128,9	0,06140
129,0	0,05910
129,1	0,05670
129,2	0,05420
129,3	0,05170
129,4	0,04930
129,5	0,04710
129,6	0,04480
129,7	0,04230
129,8	0,03990
129,9	0,03750
130,0	0,03520
130,1	0,03300
130,2	0,03070
130,3	0,02810
130,4	0,02560
130,5	0,02340
130,6	0,02120
130,7	0,01890
130,8	0,01630
130,9	0,01380
131,0	0,01140
131,1	0,00910
131,2	0,00680
131,3	0,00430
131,4	0,00170
131,5	-0,00070
131,6	-0,00300
131,7	-0,00520
131,8	-0,00770
131,9	-0,01030
132,0	-0,01280
132,1	-0,01510
132,2	-0,01740
132,3	-0,01970
132,4	-0,02230
132,5	-0,02480
132,6	-0,02720
132,7	-0,02950
132,8	-0,03180
132,9	-0,03420
133,0	-0,03670
133,1	-0,03910
133,2	-0,04130
133,3	-0,04350
133,4	-0,04590
133,5	-0,04850
133,6	-0,05090
133,7	-0,05310
133,8	-0,05530
133,9	-0,05770
134,0	-0,06030
134,1	-0,06280
134,2	-0,06520
134,3	-0,06740
134,4	-0,06970
134,5	-0,07220
134,6	-0,07480
134,7	-0,07710
134,8	-0,07930
134,9	-0,08160
135,0	-0,08410
135,1	-0,08670
135,2	-0,08910
135,3	-0,09130
135,4	-0,09350
135,5	-0,09600
135,6	-0,09860
135,7	-0,10110
135,8	-0,10340
135,9	-0,10560
136,0	-0,10800
136,1	-0,11050
136,2	-0,11300
136,3	-0,11540
136,4	-0,11760
136,5	-0,11990
136,6	-0,12230
136,7	-0,12490
136,8	-0,12730
136,9	-0,12950
137,0	-0,13170
137,1	-0,13410
137,2	-0,13670
137,3	-0,13920
137,4	-0,14150
137,5	-0,14360
137,6	-0,14590
137,7	-0,14820
137,8	-0,15020
137,9	-0,15190
138,0	-0,15340
138,1	-0,15490
138,2	-0,15640
138,3	-0,15780
138,4	-0,15890
138,5	-0,15980
138,6	-0,16060
138,7	-0,16140
138,8	-0,16230
138,9	-0,16290
139,0	-0,16320
139,1	-0,16340
139,2	-0,16370
139,3	-0,16400
139,4	-0,16420
139,5	-0,16410
139,6	-0,16390
139,7	-0,16360
139,8	-0,16350
139,9	-0,16330
140,0	-0,16280
140,1	-0,16220
140,2	-0,16160
140,3	-0,16100
140,4	-0,16060
140,5	-0,15990
140,6	-0,15890
140,7	-0,15780
140,8	-0,15690
140,9	-0,15610
141,0	-0,15510
141,1	-0,15390
141,2	-0,15260
141,3	-0,15140
141,4	-0,15020
141,5	-0,14910
141,6	-0,14770
141,7	-0,14620
141,8	-0,14470
141,9	-0,14330
142,0	-0,14200
142,1	-0,14050
142,2	-0,13880
142,3	-0,13700
142,4	-0,13540
142,5	-0,13390
142,6	-0,13230
142,7	-0,13040
142,8	-0,12840
142,9	-0,12660
143,0	-0,12490
143,1	-0,12320
143,2	-0,12120
143,3	-0,11900
143,4	-0,11690
143,5	-0,11500
143,6	-0,11310
143,7	-0,11100
143,8	-0,10880
143,9	-0,10650
144,0	-0,10450
144,1	-0,10250
144,2	-0,10040
144,3	-0,09810
144,4	-0,09570
144,5	-0,09360
144,6	-0,09160
144,7	-0,08950
144,8	-0,08720
144,9	-0,08470
145,0	-0,08240
145,1	-0,08030
145,2	-0,07820
145,3	-0,07580
145,4	-0,07330
145,5	-0,07080
145,6	-0,06860
145,7	-0,06640
145,8	-0,06410
145,9	-0,06150
146,0	-0,05890
146,1	-0,05650
146,2	-0,05430
146,3	-0,05200
146,4	-0,04940
146,5	-0,04670
146,6	-0,04420
146,7	-0,04180
146,8	-0,03950
146,9	-0,03700
147,0	-0,03430
147,1	-0,03170
147,2	-0,02930
147,3	-0,02700
147,4	-0,02460
147,5	-0,02190
147,6	-0,01920
147,7	-0,01670
147,8	-0,01440
147,9	-0,01190
148,0	-0,00930
148,1	-0,00650
148,2	-0,00390
148,3	-0,00150
148,4	0,00090
148,5	0,00350
148,6	0,00630
148,7	0,00900
148,8	0,01150
148,9	0,01390
149,0	0,01640
149,1	0,01920
149,2	0,02200
149,3	0,02460
149,4	0,02700
149,5	0,02950
149,6	0,03230
149,7	0,03520
149,8	0,03780
149,9	0,04030
150,0	0,04280
150,1	0,04550
150,2	0,04840
150,3	0,05120
150,4	0,05360
150,5	0,05600
150,6	0,05860
150,7	0,06150
150,8	0,06430
150,9	0,06680
151,0	0,06920
151,1	0,07180
151,2	0,07460
151,3	0,07740
151,4	0,08010
151,5	0,08250
151,6	0,08490
151,7	0,08760
151,8	0,09040
151,9	0,09310
152,0	0,09550
152,1	0,09780
152,2	0,10030
152,3	0,10320
152,4	0,10600
152,5	0,10850
152,6	0,11080
152,7	0,11320
152,8	0,11600
152,9	0,11890
153,0	0,12150
153,1	0,12390
153,2	0,12630
153,3	0,12900
153,4	0,13200
153,5	0,13470
153,6	0,13710
153,7	0,13950
153,8	0,14210
153,9	0,14500
154,0	0,14790
154,1	0,15040
154,2	0,15270
154,3	0,15530
154,4	0,15820
154,5	0,16120
154,6	0,16390
154,7	0,16630
154,8	0,16880
154,9	0,17160
155,0	0,17460
155,1	0,17740
155,2	0,17990
155,3	0,18230
155,4	0,18500
155,5	0,18790
155,6	0,19060
155,7	0,19310
155,8	0,19540
155,9	0,19800
156,0	0,20080
156,1	0,20360
156,2	0,20620
156,3	0,20850
156,4	0,21090
156,5	0,21360
156,6	0,21650
156,7	0,21910
156,8	0,22140
156,9	0,22380
157,0	0,22640
157,1	0,22920
157,2	0,23200
157,3	0,23440
157,4	0,23670
157,5	0,23930
157,6	0,24220
157,7	0,24500
157,8	0,24760
157,9	0,24990
158,0	0,25230
158,1	0,25510
158,2	0,25800
158,3	0,26060
158,4	0,26290
158,5	0,26530
158,6	0,26800
158,7	0,27080
158,8	0,27360
158,9	0,27600
159,0	0,27840
159,1	0,28090
159,2	0,28370
159,3	0,28650
159,4	0,28900
159,5	0,29130
159,6	0,29370
159,7	0,29640
159,8	0,29930
159,9	0,30180
160,0	0,30410
160,1	0,30650
160,2	0,30910
160,3	0,31190
160,4	0,31460
160,5	0,31700
160,6	0,31920
160,7	0,32180
160,8	0,32460
160,9	0,32740
161,0	0,32990
161,1	0,33220
161,2	0,33460
161,3	0,33740
161,4	0,34020
161,5	0,34270
161,6	0,34500
161,7	0,34730
161,8	0,35000
161,9	0,35280
162,0	0,35540
162,1	0,35770
162,2	0,36010
162,3	0,36260
162,4	0,36550
162,5	0,36820
162,6	0,37060
162,7	0,37280
162,8	0,37520
162,9	0,37790
163,0	0,38070
163,1	0,38320
163,2	0,38540
163,3	0,38780
163,4	0,39040
163,5	0,39310
163,6	0,39570
163,7	0,39800
163,8	0,40030
163,9	0,40290
164,0	0,40570
164,1	0,40830
164,2	0,41070
164,3	0,41290
164,4	0,41530
164,5	0,41790
164,6	0,42060
164,7	0,42300
164,8	0,42520
164,9	0,42740
165,0	0,43000
165,1	0,43270
165,2	0,43520
165,3	0,43740
165,4	0,43970
165,5	0,44210
165,6	0,44480
165,7	0,44730
165,8	0,44960
165,9	0,45170
166,0	0,45400
166,1	0,45660
166,2	0,45930
166,3	0,46160
166,4	0,46370
166,5	0,46590
166,6	0,46850
166,7	0,47120
166,8	0,47360
166,9	0,47580
167,0	0,47790
167,1	0,48040
167,2	0,48320
167,3	0,48570
167,4	0,48800
167,5	0,49010
167,6	0,49250
167,7	0,49510
167,8	0,49770
167,9	0,50000
168,0	0,50200
168,1	0,50430
168,2	0,50680
168,3	0,50940
168,4	0,51180
168,5	0,51390
168,6	0,51600
168,7	0,51840
168,8	0,52110
168,9	0,52350
169,0	0,52570
169,1	0,52780
169,2	0,53010
169,3	0,53270
169,4	0,53520
169,5	0,53730
169,6	0,53940
169,7	0,54150
169,8	0,54400
169,9	0,54650
170,0	0,54880
170,1	0,55080
170,2	0,55280
170,3	0,55520
170,4	0,55770
170,5	0,56010
170,6	0,56210
170,7	0,56420
170,8	0,56650
170,9	0,56910
171,0	0,57150
171,1	0,57360
171,2	0,57560
171,3	0,57770
171,4	0,58010
171,5	0,58260
171,6	0,58480
171,7	0,58670
171,8	0,58870
171,9	0,59100
172,0	0,59350
172,1	0,59570
172,2	0,59770
172,3	0,59970
172,4	0,60190
172,5	0,60430
172,6	0,60660
172,7	0,60860
172,8	0,61050
172,9	0,61260
173,0	0,61500
173,1	0,61740
173,2	0,61940
173,3	0,62120
173,4	0,62320
173,5	0,62550
173,6	0,62780
173,7	0,62990
173,8	0,63180
173,9	0,63360
174,0	0,63580
174,1	0,63810
174,2	0,64030
174,3	0,64220
174,4	0,64410
174,5	0,64610
174,6	0,64850
174,7	0,65080
174,8	0,65280
174,9	0,65460
175,0	0,65650
175,1	0,65880
175,2	0,66110
175,3	0,66310
175,4	0,66500
175,5	0,66680
175,6	0,66890
175,7	0,67120
175,8	0,67330
175,9	0,67520
176,0	0,67690
176,1	0,67900
176,2	0,68120
176,3	0,68340
176,4	0,68530
176,5	0,68700
176,6	0,68890
176,7	0,69110
176,8	0,69340
176,9	0,69530
177,0	0,69700
177,1	0,69880
177,2	0,70090
177,3	0,70310
177,4	0,70510
177,5	0,70680
177,6	0,70850
177,7	0,71040
177,8	0,71260
177,9	0,71470
178,0	0,71640
178,1	0,71800
178,2	0,71990
178,3	0,72200
178,4	0,72410
178,5	0,72590
178,6	0,72740
178,7	0,72910
178,8	0,73110
178,9	0,73330
179,0	0,73520
179,1	0,73680
179,2	0,73840
179,3	0,74030
179,4	0,74240
179,5	0,74440
179,6	0,74610
179,7	0,74760
179,8	0,74930
179,9	0,75130
180,0	0,75330
180,1	0,75500
180,2	0,75640
180,3	0,75800
180,4	0,75990
180,5	0,76190
180,6	0,76370
180,7	0,76520
180,8	0,76670
180,9	0,76840
181,0	0,77040
181,1	0,77220
181,2	0,77380
181,3	0,77520
181,4	0,77680
181,5	0,77870
181,6	0,78060
181,7	0,78220
181,8	0,78360
181,9	0,78510
182,0	0,78680
182,1	0,78870
182,2	0,79030
182,3	0,79160
182,4	0,79300
182,5	0,79470
182,6	0,79650
182,7	0,79810
182,8	0,79950
182,9	0,80080
183,0	0,80230
183,1	0,80410
183,2	0,80580
183,3	0,80720
183,4	0,80840
183,5	0,80990
183,6	0,81160
183,7	0,81330
183,8	0,81480
183,9	0,81600
184,0	0,81730
184,1	0,81890
184,2	0,82070
184,3	0,82220
184,4	0,82350
184,5	0,82470
184,6	0,82630
184,7	0,82800
184,8	0,82960
184,9	0,83090
185,0	0,83200
185,1	0,83350
185,2	0,83510
185,3	0,83680
185,4	0,83810
185,5	0,83930
185,6	0,84050
185,7	0,84210
185,8	0,84370
185,9	0,84500
186,0	0,84620
186,1	0,84740
186,2	0,84880
186,3	0,85040
186,4	0,85180
186,5	0,85300
186,6	0,85400
186,7	0,85540
186,8	0,85690
186,9	0,85840
187,0	0,85950
187,1	0,86060
187,2	0,86180
187,3	0,86320
187,4	0,86470
187,5	0,86590
187,6	0,86700
187,7	0,86810
187,8	0,86940
187,9	0,87090
188,0	0,87220
188,1	0,87320
188,2	0,87420
188,3	0,87540
188,4	0,87670
188,5	0,87800
188,6	0,87910
188,7	0,88000
188,8	0,88100
188,9	0,88230
189,0	0,88360
189,1	0,88460
189,2	0,88550
189,3	0,88630
189,4	0,88750
189,5	0,88880
189,6	0,88990
189,7	0,89070
189,8	0,89150
189,9	0,89260
190,0	0,89390
190,1	0,89500
190,2	0,89590
190,3	0,89660
190,4	0,89750
190,5	0,89870
190,6	0,89990
190,7	0,90080
190,8	0,90150
190,9	0,90230
191,0	0,90340
191,1	0,90460
191,2	0,90560
191,3	0,90630
191,4	0,90700
191,5	0,90790
191,6	0,90910
191,7	0,91010
191,8	0,91090
191,9	0,91150
192,0	0,91230
192,1	0,91340
192,2	0,91450
192,3	0,91520
192,4	0,91580
192,5	0,91650
192,6	0,91750
192,7	0,91860
192,8	0,91940
192,9	0,92000
193,0	0,92060
193,1	0,92150
193,2	0,92250
193,3	0,92340
193,4	0,92400
193,5	0,92450
193,6	0,92530
193,7	0,92620
193,8	0,92720
193,9	0,92790
194,0	0,92830
194,1	0,92900
194,2	0,92990
194,3	0,93080
194,4	0,93150
194,5	0,93200
194,6	0,93250
194,7	0,93330
194,8	0,93420
194,9	0,93500
195,0	0,93550
195,1	0,93590
195,2	0,93650
195,3	0,93740
195,4	0,93830
195,5	0,93880
195,6	0,93920
195,7	0,93970
195,8	0,94050
195,9	0,94130
196,0	0,94190
196,1	0,94220
196,2	0,94260
196,3	0,94330
196,4	0,94410
196,5	0,94470
196,6	0,94510
196,7	0,94540
196,8	0,94590
196,9	0,94660
197,0	0,94730
197,1	0,94770
197,2	0,94790
197,3	0,94830
197,4	0,94890
197,5	0,94960
197,6	0,95000
197,7	0,95020
197,8	0,95050
197,9	0,95100
198,0	0,95160
198,1	0,95210
198,2	0,95230
198,3	0,95240
198,4	0,95280
198,5	0,95340
198,6	0,95390
198,7	0,95410
198,8	0,95420
198,9	0,95450
199,0	0,95490
199,1	0,95550
199,2	0,95580
199,3	0,95580
199,4	0,95600
199,5	0,95630
199,6	0,95680
199,7	0,95720
199,8	0,95720
199,9	0,95720
200,0	0,95750
200,1	0,95800
200,2	0,95830
200,3	0,95840
200,4	0,95830
200,5	0,95840
200,6	0,95880
200,7	0,95920
200,8	0,95930
200,9	0,95920
201,0	0,95910
201,1	0,95940
201,2	0,95970
201,3	0,95990
201,4	0,95980
201,5	0,95970
201,6	0,95980
201,7	0,96010
201,8	0,96040
201,9	0,96030
202,0	0,96010
202,1	0,96010
202,2	0,96030
202,3	0,96060
202,4	0,96060
202,5	0,96030
202,6	0,96020
202,7	0,96030
202,8	0,96060
202,9	0,96070
203,0	0,96040
203,1	0,96020
203,2	0,96020
203,3	0,96040
203,4	0,96050
203,5	0,96040
203,6	0,96000
203,7	0,95990
203,8	0,96010
203,9	0,96020
204,0	0,96010
204,1	0,95970
204,2	0,95950
204,3	0,95950
204,4	0,95960
204,5	0,95950
204,6	0,95910
204,7	0,95870
204,8	0,95860
204,9	0,95870
205,0	0,95860
205,1	0,95830
205,2	0,95780
205,3	0,95750
205,4	0,95750
205,5	0,95750
205,6	0,95720
205,7	0,95670
205,8	0,95630
205,9	0,95620
206,0	0,95620
206,1	0,95590
206,2	0,95530
206,3	0,95480
206,4	0,95460
206,5	0,95450
206,6	0,95430
206,7	0,95380
206,8	0,95320
206,9	0,95280
207,0	0,95270
207,1	0,95250
207,2	0,95200
207,3	0,95130
207,4	0,95080
207,5	0,95060
207,6	0,95040
207,7	0,94990
207,8	0,94930
207,9	0,94870
208,0	0,94840
208,1	0,94820
208,2	0,94780
208,3	0,94720
208,4	0,94650
208,5	0,94600
208,6	0,94570
208,7	0,94530
208,8	0,94470
208,9	0,94390
209,0	0,94330
209,1	0,94300
209,2	0,94260
209,3	0,94200
209,4	0,94120
209,5	0,94050
209,6	0,94010
209,7	0,93970
209,8	0,93920
209,9	0,93840
210,0	0,93760
210,1	0,93700
210,2	0,93660
210,3	0,93610
210,4	0,93530
210,5	0,93450
210,6	0,93380
210,7	0,93330
210,8	0,93280
210,9	0,93210
211,0	0,93120
211,1	0,93050
211,2	0,92990
211,3	0,92950
211,4	0,92880
211,5	0,92790
211,6	0,92700
211,7	0,92640
211,8	0,92580
211,9	0,92520
212,0	0,92430
212,1	0,92330
212,2	0,92260
212,3	0,92200
212,4	0,92140
212,5	0,92060
212,6	0,91950
212,7	0,91860
212,8	0,91800
212,9	0,91740
213,0	0,91660
213,1	0,91560
213,2	0,91450
213,3	0,91380
213,4	0,91320
213,5	0,91250
213,6	0,91140
213,7	0,91030
213,8	0,90950
213,9	0,90880
214,0	0,90820
214,1	0,90720
214,2	0,90600
214,3	0,90500
214,4	0,90420
214,5	0,90350
214,6	0,90260
214,7	0,90140
214,8	0,90020
214,9	0,89940
215,0	0,89860
215,1	0,89770
215,2	0,89650
215,3	0,89520
215,4	0,89420
215,5	0,89350
215,6	0,89260
215,7	0,89140
215,8	0,89010
215,9	0,88890
216,0	0,88800
216,1	0,88720
216,2	0,88600
216,3	0,88470
216,4	0,88350
216,5	0,88250
216,6	0,88160
216,7	0,88060
216,8	0,87920
216,9	0,87790
217,0	0,87680
217,1	0,87590
217,2	0,87490
217,3	0,87360
217,4	0,87230
217,5	0,87110
217,6	0,87010
217,7	0,86910
217,8	0,86790
217,9	0,86650
218,0	0,86530
218,1	0,86420
218,2	0,86330
218,3	0,86210
218,4	0,86060
218,5	0,85920
218,6	0,85810
218,7	0,85710
218,8	0,85590
218,9	0,85450
219,0	0,85300
219,1	0,85170
219,2	0,85070
219,3	0,84960
219,4	0,84820
219,5	0,84670
219,6	0,84530
219,7	0,84420
219,8	0,84310
219,9	0,84190
220,0	0,84040
220,1	0,83890
220,2	0,83770
220,3	0,83660
220,4	0,83540
220,5	0,83390
220,6	0,83230
220,7	0,83090
220,8	0,82980
220,9	0,82860
221,0	0,82710
221,1	0,82550
221,2	0,82400
221,3	0,82270
221,4	0,82150
221,5	0,82010
221,6	0,81850
221,7	0,81690
221,8	0,81550
221,9	0,81430
222,0	0,81290
222,1	0,81130
222,2	0,80960
222,3	0,80820
222,4	0,80690
222,5	0,80560
222,6	0,80400
222,7	0,80230
222,8	0,80080
222,9	0,79940
223,0	0,79810
223,1	0,79660
223,2	0,79490
223,3	0,79320
223,4	0,79180
223,5	0,79040
223,6	0,78890
223,7	0,78720
223,8	0,78550
223,9	0,78390
224,0	0,78250
224,1	0,78110
224,2	0,77940
224,3	0,77760
224,4	0,77600
224,5	0,77460
224,6	0,77310
224,7	0,77150
224,8	0,76970
224,9	0,76800
225,0	0,76640
225,1	0,76490
225,2	0,76330
225,3	0,76150
225,4	0,75960
225,5	0,75800
225,6	0,75640
225,7	0,75490
225,8	0,75300
225,9	0,75120
226,0	0,74940
226,1	0,74790
226,2	0,74630
226,3	0,74450
226,4	0,74260
226,5	0,74080
226,6	0,73910
226,7	0,73760
226,8	0,73580
226,9	0,73400
227,0	0,73210
227,1	0,73040
227,2	0,72880
227,3	0,72710
227,4	0,72530
227,5	0,72340
227,6	0,72170
227,7	0,72000
227,8	0,71840
227,9	0,71660
228,0	0,71460
228,1	0,71280
228,2	0,71110
228,3	0,70950
228,4	0,70780
228,5	0,70580
228,6	0,70380
228,7	0,70210
228,8	0,70050
228,9	0,69870
229,0	0,69680
229,1	0,69480
229,2	0,69300
229,3	0,69130
229,4	0,68960
229,5	0,68770
229,6	0,68570
229,7	0,68380
229,8	0,68200
229,9	0,68030
230,0	0,67840
230,1	0,67640
230,2	0,67440
230,3	0,67270
230,4	0,67100
230,5	0,66920
230,6	0,66720
230,7	0,66510
230,8	0,66320
230,9	0,66140
231,0	0,65950
231,1	0,65760
231,2	0,65560
231,3	0,65360
231,4	0,65180
231,5	0,65000
231,6	0,64810
231,7	0,64600
231,8	0,64400
231,9	0,64210
232,0	0,64040
232,1	0,63850
232,2	0,63640
232,3	0,63430
232,4	0,63230
232,5	0,63050
232,6	0,62860
232,7	0,62660
232,8	0,62440
232,9	0,62230
233,0	0,62040
233,1	0,61850
233,2	0,61650
233,3	0,61420
233,4	0,61210
233,5	0,61010
233,6	0,60820
233,7	0,60620
233,8	0,60400
233,9	0,60180
234,0	0,59980
234,1	0,59780
234,2	0,59590
234,3	0,59370
234,4	0,59150
234,5	0,58940
234,6	0,58740
234,7	0,58550
234,8	0,58340
234,9	0,58120
235,0	0,57910
235,1	0,57710
235,2	0,57520
235,3	0,57320
235,4	0,57100
235,5	0,56890
235,6	0,56680
235,7	0,56490
235,8	0,56300
235,9	0,56080
236,0	0,55850
236,1	0,55630
236,2	0,55440
236,3	0,55240
236,4	0,55020
236,5	0,54800
236,6	0,54580
236,7	0,54370
236,8	0,54170
236,9	0,53980
237,0	0,53770
237,1	0,53540
237,2	0,53300
237,3	0,53090
237,4	0,52900
237,5	0,52720
237,6	0,52520
237,7	0,52280
237,8	0,52050
237,9	0,51840
238,0	0,51660
238,1	0,51470
238,2	0,51250
238,3	0,51020
238,4	0,50810
238,5	0,50630
238,6	0,50440
238,7	0,50210
238,8	0,49970
238,9	0,49750
239,0	0,49560
239,1	0,49370
239,2	0,49150
239,3	0,48900
239,4	0,48670
239,5	0,48460
239,6	0,48270
239,7	0,48070
239,8	0,47820
239,9	0,47580
240,0	0,47370
240,1	0,47170
240,2	0,46970
240,3	0,46740
240,4	0,46490
240,5	0,46260
240,6	0,46060
240,7	0,45860
240,8	0,45630
240,9	0,45390
241,0	0,45150
241,1	0,44940
241,2	0,44740
241,3	0,44520
241,4	0,44280
241,5	0,44040
241,6	0,43820
241,7	0,43620
241,8	0,43410
241,9	0,43170
242,0	0,42930
242,1	0,42710
242,2	0,42510
242,3	0,42300
242,4	0,42080
242,5	0,41830
242,6	0,41600
242,7	0,41390
242,8	0,41190
242,9	0,40950
243,0	0,40710
243,1	0,40500
243,2	0,40310
243,3	0,40100
243,4	0,39850
243,5	0,39590
243,6	0,39360
243,7	0,39160
243,8	0,38960
243,9	0,38730
244,0	0,38470
244,1	0,38230
244,2	0,38020
244,3	0,37810
244,4	0,37590
244,5	0,37340
244,6	0,37080
244,7	0,36860
244,8	0,36660
244,9	0,36450
245,0	0,36210
245,1	0,35960
245,2	0,35730
245,3	0,35530
245,4	0,35330
245,5	0,35090
245,6	0,34840
245,7	0,34600
245,8	0,34390
245,9	0,34190
246,0	0,33970
246,1	0,33720
246,2	0,33470
246,3	0,33250
246,4	0,33060
246,5	0,32840
246,6	0,32600
246,7	0,32340
246,8	0,32110
246,9	0,31910
247,0	0,31710
247,1	0,31480
247,2	0,31220
247,3	0,30980
247,4	0,30770
247,5	0,30570
247,6	0,30340
247,7	0,30090
247,8	0,29840
247,9	0,29620
248,0	0,29420
248,1	0,29210
248,2	0,28960
248,3	0,28700
248,4	0,28480
248,5	0,28280
248,6	0,28070
248,7	0,27830
248,8	0,27570
248,9	0,27330
249,0	0,27120
249,1	0,26920
249,2	0,26700
249,3	0,26440
249,4	0,26190
249,5	0,25980
249,6	0,25780
249,7	0,25570
249,8	0,25320
249,9	0,25070
250,0	0,24840
250,1	0,24640
250,2	0,24440
250,3	0,24200
250,4	0,23950
250,5	0,23720
250,6	0,23510
250,7	0,23310
250,8	0,23080
250,9	0,22820
251,0	0,22570
251,1	0,22360
251,2	0,22160
251,3	0,21940
251,4	0,21690
251,5	0,21430
251,6	0,21200
251,7	0,21000
251,8	0,20790
251,9	0,20550
252,0	0,20300
252,1	0,20070
252,2	0,19870
252,3	0,19670
252,4	0,19430
252,5	0,19180
252,6	0,18930
252,7	0,18720
252,8	0,18520
252,9	0,18300
253,0	0,18050
253,1	0,17790
253,2	0,17570
253,3	0,17370
253,4	0,17160
253,5	0,16910
253,6	0,16660
253,7	0,16430
253,8	0,16230
253,9	0,16020
254,0	0,15790
254,1	0,15530
254,2	0,15280
254,3	0,15070
254,4	0,14870
254,5	0,14650
254,6	0,14390
254,7	0,14130
254,8	0,13910
254,9	0,13710
255,0	0,13500
255,1	0,13250
255,2	0,13000
255,3	0,12770
255,4	0,12570
255,5	0,12360
255,6	0,12130
255,7	0,11870
255,8	0,11630
255,9	0,11420
256,0	0,11220
256,1	0,11000
256,2	0,10740
256,3	0,10490
256,4	0,10280
256,5	0,10080
256,6	0,09870
256,7	0,09620
256,8	0,09370
256,9	0,09140
257,0	0,08950
257,1	0,08740
257,2	0,08500
257,3	0,08240
257,4	0,08000
257,5	0,07790
257,6	0,07600
257,7	0,07370
257,8	0,07120
257,9	0,06870
258,0	0,06650
258,1	0,06440
258,2	0,06230
258,3	0,05980
258,4	0,05730
258,5	0,05500
258,6	0,05300
258,7	0,05090
258,8	0,04850
258,9	0,04600
259,0	0,04360
259,1	0,04160
259,2	0,03960
259,3	0,03740
259,4	0,03490
259,5	0,03250
259,6	0,03030
259,7	0,02840
259,8	0,02620
259,9	0,02380
260,0	0,02130
260,1	0,01910
260,2	0,01710
260,3	0,01510
260,4	0,01270
260,5	0,01010
260,6	0,00780
260,7	0,00580
260,8	0,00380
260,9	0,00160
261,0	-0,00090
261,1	-0,00340
261,2	-0,00550
261,3	-0,00750
261,4	-0,00970
261,5	-0,01220
261,6	-0,01470
261,7	-0,01690
261,8	-0,01890
261,9	-0,02100
262,0	-0,02330
262,1	-0,02590
262,2	-0,02820
262,3	-0,03020
262,4	-0,03220
262,5	-0,03450
262,6	-0,03690
262,7	-0,03930
262,8	-0,04140
262,9	-0,04330
263,0	-0,04560
263,1	-0,04810
263,2	-0,05050
263,3	-0,05270
263,4	-0,05470
263,5	-0,05670
263,6	-0,05910
263,7	-0,06160
263,8	-0,06390
263,9	-0,06590
264,0	-0,06790
264,1	-0,07010
264,2	-0,07260
264,3	-0,07490
264,4	-0,07690
264,5	-0,07890
264,6	-0,08120
264,7	-0,08370
264,8	-0,08610
264,9	-0,08820
265,0	-0,09020
265,1	-0,09230
265,2	-0,09470
265,3	-0,09720
265,4	-0,09950
265,5	-0,10140
265,6	-0,10350
265,7	-0,10580
265,8	-0,10820
265,9	-0,11050
266,0	-0,11260
266,1	-0,11450
266,2	-0,11680
266,3	-0,11930
266,4	-0,12170
266,5	-0,12380
266,6	-0,12570
266,7	-0,12790
266,8	-0,13030
266,9	-0,13280
267,0	-0,13510
267,1	-0,13700
267,2	-0,13910
267,3	-0,14150
267,4	-0,14400
267,5	-0,14630
267,6	-0,14820
267,7	-0,15000
267,8	-0,15190
267,9	-0,15350
268,0	-0,15480
268,1	-0,15570
268,2	-0,15620
268,3	-0,15660
268,4	-0,15710
268,5	-0,15720
268,6	-0,15690
268,7	-0,15620
268,8	-0,15550
268,9	-0,15480
269,0	-0,15400
269,1	-0,15270
269,2	-0,15110
269,3	-0,14940
269,4	-0,14780
269,5	-0,14610
269,6	-0,14400
269,7	-0,14160
269,8	-0,13890
269,9	-0,13640
270,0	-0,13380
270,1	-0,13110
270,2	-0,12800
270,3	-0,12480
270,4	-0,12160
270,5	-0,11850
270,6	-0,11550
270,7	-0,11230
270,8	-0,10890
270,9	-0,10520
271,0	-0,10160
271,1	-0,09800
271,2	-0,09430
271,3	-0,09020
271,4	-0,08600
271,5	-0,08180
271,6	-0,07750
271,7	-0,07320
271,8	-0,06850
271,9	-0,06370
272,0	-0,05880
272,1	-0,05410
272,2	-0,04930
272,3	-0,04430
272,4	-0,03910
272,5	-0,03370
272,6	-0,02840
272,7	-0,02330
272,8	-0,01800
272,9	-0,01240
273,0	-0,00660
273,1	-0,00100
273,2	0,00440
273,3	0,00990
273,4	0,01560
273,5	0,02160
273,6	0,02750
273,7	0,03330
273,8	0,03890
273,9	0,04480
274,0	0,05100
274,1	0,05720
274,2	0,06330
274,3	0,06920
274,4	0,07530
274,5	0,08160
274,6	0,08800
274,7	0,09430
274,8	0,10040
274,9	0,10650
275,0	0,11290
275,1	0,11950
275,2	0,12610
275,3	0,13240
275,4	0,13870
275,5	0,14520
275,6	0,15190
275,7	0,15860
275,8	0,16510
275,9	0,17150
276,0	0,17790
276,1	0,18470
276,2	0,19160
276,3	0,19840
276,4	0,20490
276,5	0,21150
276,6	0,21830
276,7	0,22530
276,8	0,23220
276,9	0,23890
277,0	0,24540
277,1	0,25220
277,2	0,25930
277,3	0,26630
277,4	0,27320
277,5	0,27980
277,6	0,28660
277,7	0,29360
277,8	0,30060
277,9	0,30750
278,0	0,31420
278,1	0,32090
278,2	0,32790
278,3	0,33510
278,4	0,34210
278,5	0,34890
278,6	0,35570
278,7	0,36260
278,8	0,36980
278,9	0,37700
279,0	0,38390
279,1	0,39070
279,2	0,39760
279,3	0,40470
279,4	0,41180
279,5	0,41880
279,6	0,42560
279,7	0,43240
279,8	0,43950
279,9	0,44670
280,0	0,45380
280,1	0,46060
280,2	0,46730
280,3	0,47430
280,4	0,48150
280,5	0,48870
280,6	0,49560
280,7	0,50250
280,8	0,50940
280,9	0,51660
281,0	0,52370
281,1	0,53070
281,2	0,53750
281,3	0,54440
281,4	0,55160
281,5	0,55880
281,6	0,56590
281,7	0,57270
281,8	0,57950
281,9	0,58650
282,0	0,59370
282,1	0,60080
282,2	0,60780
282,3	0,61460
282,4	0,62150
282,5	0,62870
282,6	0,63580
282,7	0,64270
282,8	0,64940
282,9	0,65630
283,0	0,66340
283,1	0,67070
283,2	0,67770
283,3	0,68460
283,4	0,69130
283,5	0,69820
283,6	0,70530
283,7	0,71240
283,8	0,71930
283,9	0,72610
284,0	0,73300
284,1	0,74010
284,2	0,74720
284,3	0,75410
284,4	0,76090
284,5	0,76770
284,6	0,77480
284,7	0,78190
284,8	0,78890
284,9	0,79560
285,0	0,80230
285,1	0,80910
285,2	0,81620
285,3	0,82320
285,4	0,83010
285,5	0,83680
285,6	0,84370
285,7	0,85080
285,8	0,85780
285,9	0,86450
286,0	0,87100
286,1	0,87770
286,2	0,88470
286,3	0,89170
286,4	0,89860
286,5	0,90520
286,6	0,91180
286,7	0,91850
286,8	0,92540
286,9	0,93220
287,0	0,93880
287,1	0,94530
287,2	0,95200
287,3	0,95890
287,4	0,96570
287,5	0,97220
287,6	0,97860
287,7	0,98510
287,8	0,99180
287,9	0,99870
288,0	1,00540
288,1	1,01190
288,2	1,01830
288,3	1,02490
288,4	1,03160
288,5	1,03820
288,6	1,04470
288,7	1,05110
288,8	1,05780
288,9	1,06450
289,0	1,07130
289,1	1,07770
289,2	1,08400
289,3	1,09040
289,4	1,09710
289,5	1,10380
289,6	1,11030
289,7	1,11670
289,8	1,12300
289,9	1,12950
290,0	1,13610
290,1	1,14250
290,2	1,14880
290,3	1,15500
290,4	1,16150
290,5	1,16810
290,6	1,17460
290,7	1,18090
290,8	1,18700
290,9	1,19320
291,0	1,19970
291,1	1,20620
291,2	1,21260
291,3	1,21870
291,4	1,22500
291,5	1,23140
291,6	1,23780
291,7	1,24410
291,8	1,25020
291,9	1,25640
292,0	1,26270
292,1	1,26910
292,2	1,27540
292,3	1,28150
292,4	1,28730
292,5	1,29340
292,6	1,29970
292,7	1,30600
292,8	1,31210
292,9	1,31810
293,0	1,32420
293,1	1,33040
293,2	1,33650
293,3	1,34250
293,4	1,34840
293,5	1,35420
293,6	1,36030
293,7	1,36660
293,8	1,37270
293,9	1,37850
294,0	1,38430
294,1	1,39020
294,2	1,39620
294,3	1,40230
294,4	1,40830
294,5	1,41410
294,6	1,42000
294,7	1,42600
294,8	1,43200
294,9	1,43780
295,0	1,44340
295,1	1,44900
295,2	1,45490
295,3	1,46100
295,4	1,46690
295,5	1,47260
295,6	1,47810
295,7	1,48380
295,8	1,48970
295,9	1,49550
296,0	1,50120
296,1	1,50680
296,2	1,51250
296,3	1,51830
296,4	1,52420
296,5	1,52990
296,6	1,53530
296,7	1,54080
296,8	1,54660
296,9	1,55250
297,0	1,55830
297,1	1,56380
297,2	1,56900
297,3	1,57390
297,4	1,57860
297,5	1,58300
297,6	1,58710
297,7	1,59090
297,8	1,59450
297,9	1,59790
298,0	1,60090
298,1	1,60370
298,2	1,60610
298,3	1,60840
298,4	1,61060
298,5	1,61260
298,6	1,61440
298,7	1,61580
298,8	1,61690
298,9	1,61790
299,0	1,61860
299,1	1,61920
299,2	1,61950
299,3	1,61970
299,4	1,61980
299,5	1,61980
299,6	1,61960
299,7	1,61910
299,8	1,61840
299,9	1,61760
300,0	1,61670
300,1	1,61580
300,2	1,61470
300,3	1,61340
300,4	1,61190
300,5	1,61040
300,6	1,60880
300,7	1,60680
300,8	1,60460
300,9	1,60250
301,0	1,60060
301,1	1,59870
301,2	1,59650
301,3	1,59390
301,4	1,59100
301,5	1,58840
301,6	1,58590
301,7	1,58330
301,8	1,58040
301,9	1,57730
302,0	1,57430
302,1	1,57140
302,2	1,56830
302,3	1,56490
302,4	1,56130
302,5	1,55780
302,6	1,55450
302,7	1,55130
302,8	1,54780
302,9	1,54390
303,0	1,54010
303,1	1,53630
303,2	1,53260
303,3	1,52880
303,4	1,52470
303,5	1,52050
303,6	1,51640
303,7	1,51250
303,8	1,50850
303,9	1,50410
304,0	1,49950
304,1	1,49510
304,2	1,49100
304,3	1,48690
304,4	1,48250
304,5	1,47780
304,6	1,47300
304,7	1,46840
304,8	1,46400
304,9	1,45940
305,0	1,45450
305,1	1,44960
305,2	1,44490
305,3	1,44040
305,4	1,43560
305,5	1,43060
305,6	1,42540
305,7	1,42030
305,8	1,41550
305,9	1,41070
306,0	1,40570
306,1	1,40040
306,2	1,39510
306,3	1,39000
306,4	1,38490
306,5	1,37970
306,6	1,37430
306,7	1,36880
306,8	1,36360
306,9	1,35860
307,0	1,35340
307,1	1,34780
307,2	1,34210
307,3	1,33660
307,4	1,33130
307,5	1,32600
307,6	1,32060
307,7	1,31500
307,8	1,30940
307,9	1,30400
308,0	1,29870
308,1	1,29320
308,2	1,28750
308,3	1,28170
308,4	1,27620
308,5	1,27090
308,6	1,26540
308,7	1,25960
308,8	1,25370
308,9	1,24790
309,0	1,24240
309,1	1,23680
309,2	1,23110
309,3	1,22510
309,4	1,21920
309,5	1,21350
309,6	1,20790
309,7	1,20200
309,8	1,19600
309,9	1,19000
310,0	1,18410
310,1	1,17850
310,2	1,17280
310,3	1,16670
310,4	1,16060
310,5	1,15460
310,6	1,14890
310,7	1,14320
310,8	1,13720
310,9	1,13100
311,0	1,12490
311,1	1,11900
311,2	1,11320
311,3	1,10720
311,4	1,10100
311,5	1,09480
311,6	1,08890
311,7	1,08310
311,8	1,07710
311,9	1,07090
312,0	1,06460
312,1	1,05840
312,2	1,05250
312,3	1,04660
312,4	1,04040
312,5	1,03410
312,6	1,02790
312,7	1,02190
312,8	1,01590
312,9	1,00980
313,0	1,00340
313,1	0,99700
313,2	0,99100
313,3	0,98500
313,4	0,97900
313,5	0,97260
313,6	0,96620
313,7	0,95990
313,8	0,95390
313,9	0,94790
314,0	0,94160
314,1	0,93510
314,2	0,92880
314,3	0,92270
314,4	0,91670
314,5	0,91040
314,6	0,90390
314,7	0,89740
314,8	0,89120
314,9	0,88510
315,0	0,87890
315,1	0,87240
315,2	0,86600
315,3	0,85970
315,4	0,85360
315,5	0,84740
315,6	0,84100
315,7	0,83450
315,8	0,82810
315,9	0,82190
316,0	0,81580
316,1	0,80940
316,2	0,80290
316,3	0,79640
316,4	0,79020
316,5	0,78400
316,6	0,77780
316,7	0,77120
316,8	0,76460
316,9	0,75820
317,0	0,75200
317,1	0,74570
317,2	0,73920
317,3	0,73260
317,4	0,72600
317,5	0,71980
317,6	0,71360
317,7	0,70710
317,8	0,70050
317,9	0,69390
318,0	0,68750
318,1	0,68130
318,2	0,67490
318,3	0,66830
318,4	0,66170
318,5	0,65530
318,6	0,64900
318,7	0,64270
318,8	0,63610
318,9	0,62950
319,0	0,62300
319,1	0,61670
319,2	0,61050
319,3	0,60400
319,4	0,59730
319,5	0,59070
319,6	0,58430
319,7	0,57810
319,8	0,57170
319,9	0,56500
320,0	0,55840
320,1	0,55200
320,2	0,54580
320,3	0,53950
320,4	0,53290
320,5	0,52620
320,6	0,51960
320,7	0,51330
320,8	0,50700
320,9	0,50050
321,0	0,49380
321,1	0,48720
321,2	0,48090
321,3	0,47460
321,4	0,46820
321,5	0,46150
321,6	0,45480
321,7	0,44830
321,8	0,44200
321,9	0,43570
322,0	0,42900
322,1	0,42230
322,2	0,41580
322,3	0,40950
322,4	0,40320
322,5	0,39660
322,6	0,38990
322,7	0,38340
322,8	0,37700
322,9	0,37080
323,0	0,36430
323,1	0,35760
323,2	0,35090
323,3	0,34450
323,4	0,33830
323,5	0,33190
323,6	0,32530
323,7	0,31860
323,8	0,31220
323,9	0,30590
324,0	0,29960
324,1	0,29300
324,2	0,28630
324,3	0,27980
324,4	0,27340
324,5	0,26710
324,6	0,26070
324,7	0,25400
324,8	0,24740
324,9	0,24110
325,0	0,23480
325,1	0,22850
325,2	0,22190
325,3	0,21530
325,4	0,20880
325,5	0,20250
325,6	0,19610
325,7	0,18960
325,8	0,18300
325,9	0,17650
326,0	0,17020
326,1	0,16390
326,2	0,15750
326,3	0,15080
326,4	0,14430
326,5	0,13790
326,6	0,13170
326,7	0,12530
326,8	0,11880
326,9	0,11220
327,0	0,10570
327,1	0,09950
327,2	0,09320
327,3	0,08670
327,4	0,08010
327,5	0,07370
327,6	0,06750
327,7	0,06130
327,8	0,05490
327,9	0,04840
328,0	0,04190
328,1	0,03570
328,2	0,02950
328,3	0,02330
328,4	0,01680
328,5	0,01030
328,6	0,00410
328,7	-0,00210
328,8	-0,00830
328,9	-0,01480
329,0	-0,02140
329,1	-0,02780
329,2	-0,03380
329,3	-0,03950
329,4	-0,04490
329,5	-0,04990
329,6	-0,05460
329,7	-0,05890
329,8	-0,06280
329,9	-0,06640
330,0	-0,06960
330,1	-0,07260
330,2	-0,07510
330,3	-0,07730
330,4	-0,07930
330,5	-0,08100
330,6	-0,08240
330,7	-0,08350
330,8	-0,08430
330,9	-0,08490
331,0	-0,08520
331,1	-0,08540
331,2	-0,08550
331,3	-0,08540
331,4	-0,08500
331,5	-0,08420
331,6	-0,08320
331,7	-0,08210
331,8	-0,08090
331,9	-0,07940
332,0	-0,07770
332,1	-0,07580
332,2	-0,07380
332,3	-0,07160
332,4	-0,06930
332,5	-0,06660
332,6	-0,06370
332,7	-0,06080
332,8	-0,05770
332,9	-0,05450
333,0	-0,05120
333,1	-0,04760
333,2	-0,04380
333,3	-0,04000
333,4	-0,03620
333,5	-0,03220
333,6	-0,02800
333,7	-0,02370
333,8	-0,01930
333,9	-0,01490
334,0	-0,01040
334,1	-0,00580
334,2	-0,00090
334,3	0,00390
334,4	0,00880
334,5	0,01370
334,6	0,01870
334,7	0,02390
334,8	0,02920
334,9	0,03450
335,0	0,03970
335,1	0,04510
335,2	0,05060
335,3	0,05620
335,4	0,06180
335,5	0,06740
335,6	0,07310
335,7	0,07890
335,8	0,08480
335,9	0,09080
336,0	0,09670
336,1	0,10260
336,2	0,10860
336,3	0,11470
336,4	0,12090
336,5	0,12710
336,6	0,13320
336,7	0,13950
336,8	0,14580
336,9	0,15230
337,0	0,15860
337,1	0,16500
337,2	0,17130
337,3	0,17780
337,4	0,18440
337,5	0,19100
337,6	0,19740
337,7	0,20400
337,8	0,21060
337,9	0,21740
338,0	0,22410
338,1	0,23080
338,2	0,23740
338,3	0,24410
338,4	0,25100
338,5	0,25780
338,6	0,26460
338,7	0,27140
338,8	0,27830
338,9	0,28520
339,0	0,29210
339,1	0,29900
339,2	0,30590
339,3	0,31270
339,4	0,31970
339,5	0,32680
339,6	0,33380
339,7	0,34080
339,8	0,34770
339,9	0,35480
340,0	0,36180
340,1	0,36890
340,2	0,37600
340,3	0,38300
340,4	0,39000
340,5	0,39710
340,6	0,40430
340,7	0,41140
340,8	0,41840
340,9	0,42540
341,0	0,43260
341,1	0,43980
341,2	0,44700
341,3	0,45400
341,4	0,46100
341,5	0,46810
341,6	0,47540
341,7	0,48260
341,8	0,48980
341,9	0,49690
342,0	0,50400
342,1	0,51130
342,2	0,51850
342,3	0,52570
342,4	0,53280
342,5	0,53980
342,6	0,54710
342,7	0,55440
342,8	0,56170
342,9	0,56880
343,0	0,57590
343,1	0,58310
343,2	0,59030
343,3	0,59760
343,4	0,60470
343,5	0,61180
343,6	0,61890
343,7	0,62620
343,8	0,63350
343,9	0,64060
344,0	0,64760
344,1	0,65470
344,2	0,66190
344,3	0,66920
344,4	0,67640
344,5	0,68350
344,6	0,69050
344,7	0,69760
344,8	0,70490
344,9	0,71210
345,0	0,71920
345,1	0,72620
345,2	0,73330
345,3	0,74060
345,4	0,74780
345,5	0,75490
345,6	0,76180
345,7	0,76880
345,8	0,77600
345,9	0,78320
346,0	0,79040
346,1	0,79740
346,2	0,80440
346,3	0,81150
346,4	0,81860
346,5	0,82580
346,6	0,83280
346,7	0,83970
346,8	0,84680
346,9	0,85390
347,0	0,86110
347,1	0,86810
347,2	0,87500
347,3	0,88190
347,4	0,88900
347,5	0,89620
347,6	0,90330
347,7	0,91020
347,8	0,91710
347,9	0,92410
348,0	0,93110
348,1	0,93800
348,2	0,94490
348,3	0,95170
348,4	0,95870
348,5	0,96570
348,6	0,97280
348,7	0,97970
348,8	0,98650
348,9	0,99330
349,0	1,00030
349,1	1,00720
349,2	1,01410
349,3	1,02090
349,4	1,02770
349,5	1,03450
349,6	1,04140
349,7	1,04820
349,8	1,05500
349,9	1,06170
350,0	1,06850
350,1	1,07540
350,2	1,08230
350,3	1,08900
350,4	1,09560
350,5	1,10220
350,6	1,10900
350,7	1,11580
350,8	1,12260
350,9	1,12920
351,0	1,13590
351,1	1,14260
351,2	1,14940
351,3	1,15610
351,4	1,16270
351,5	1,16920
351,6	1,17590
351,7	1,18270
351,8	1,18940
351,9	1,19600
352,0	1,20250
352,1	1,20900
352,2	1,21570
352,3	1,22240
352,4	1,22910
352,5	1,23570
352,6	1,24220
352,7	1,24880
352,8	1,25530
352,9	1,26180
353,0	1,26810
353,1	1,27440
353,2	1,28080
353,3	1,28740
353,4	1,29400
353,5	1,30030
353,6	1,30660
353,7	1,31300
353,8	1,31940
353,9	1,32580
354,0	1,33220
354,1	1,33840
354,2	1,34470
354,3	1,35100
354,4	1,35740
354,5	1,36360
354,6	1,36970
354,7	1,37580
354,8	1,38210
354,9	1,38850
355,0	1,39490
355,1	1,40120
355,2	1,40730
355,3	1,41350
355,4	1,41970
355,5	1,42590
355,6	1,43200
355,7	1,43800
355,8	1,44410
355,9	1,45030
356,0	1,45650
356,1	1,46250
356,2	1,46840
356,3	1,47440
356,4	1,48050
356,5	1,48670
356,6	1,49290
356,7	1,49880
356,8	1,50470
356,9	1,51070
357,0	1,51680
357,1	1,52280
357,2	1,52880
357,3	1,53470
357,4	1,54070
357,5	1,54680
357,6	1,55300
357,7	1,55890
357,8	1,56450
357,9	1,56990
358,0	1,57500
358,1	1,57980
358,2	1,58430
358,3	1,58850
358,4	1,59240
358,5	1,59600
358,6	1,59920
358,7	1,60210
358,8	1,60480
358,9	1,60720
359,0	1,60950
359,1	1,61160
359,2	1,61330
359,3	1,61470
359,4	1,61580
359,5	1,61680
359,6	1,61770
359,7	1,61840
359,8	1,61860
359,9	1,61860
360,0	1,61840
360,1	1,61820
360,2	1,61800
360,3	1,61730
360,4	1,61620
360,5	1,61510
360,6	1,61410
360,7	1,61310
360,8	1,61190
360,9	1,61030
361,0	1,60840
361,1	1,60660
361,2	1,60490
361,3	1,60300
361,4	1,60070
361,5	1,59810
361,6	1,59570
361,7	1,59350
361,8	1,59110
361,9	1,58840
362,0	1,58540
362,1	1,58210
362,2	1,57910
362,3	1,57620
362,4	1,57320
362,5	1,56980
362,6	1,56620
362,7	1,56280
362,8	1,55940
362,9	1,55590
363,0	1,55200
363,1	1,54790
363,2	1,54400
363,3	1,54020
363,4	1,53650
363,5	1,53250
363,6	1,52800
363,7	1,52360
363,8	1,51940
363,9	1,51520
364,0	1,51080
364,1	1,50620
364,2	1,50150
364,3	1,49690
364,4	1,49240
364,5	1,48770
364,6	1,48270
364,7	1,47760
364,8	1,47270
364,9	1,46800
365,0	1,46320
365,1	1,45810
365,2	1,45280
365,3	1,44750
365,4	1,44240
365,5	1,43750
365,6	1,43230
365,7	1,42680
365,8	1,42130
365,9	1,41600
366,0	1,41080
366,1	1,40540
366,2	1,39970
366,3	1,39400
366,4	1,38840
366,5	1,38300
366,6	1,37770
366,7	1,37200
366,8	1,36610
366,9	1,36020
367,0	1,35450
367,1	1,34890
367,2	1,34310
367,3	1,33710
367,4	1,33110
367,5	1,32530
367,6	1,31960
367,7	1,31380
367,8	1,30770
367,9	1,30150
368,0	1,29550
368,1	1,28970
368,2	1,28380
368,3	1,27770
368,4	1,27140
368,5	1,26520
368,6	1,25910
368,7	1,25310
368,8	1,24700
368,9	1,24050
369,0	1,23420
369,1	1,22800
369,2	1,22200
369,3	1,21580
369,4	1,20940
369,5	1,20280
369,6	1,19640
369,7	1,19030
369,8	1,18410
369,9	1,17770
370,0	1,17110
370,1	1,16460
370,2	1,15830
370,3	1,15210
370,4	1,14560
370,5	1,13890
370,6	1,13230
370,7	1,12600
370,8	1,11970
370,9	1,11330
371,0	1,10660
371,1	1,09990
371,2	1,09340
371,3	1,08710
371,4	1,08070
371,5	1,07410
371,6	1,06730
371,7	1,06060
371,8	1,05420
371,9	1,04780
372,0	1,04110
372,1	1,03430
372,2	1,02750
372,3	1,02110
372,4	1,01470
372,5	1,00820
372,6	1,00130
372,7	0,99450
372,8	0,98780
372,9	0,98140
373,0	0,97490
373,1	0,96810
373,2	0,96120
373,3	0,95440
373,4	0,94790
373,5	0,94140
373,6	0,93460
373,7	0,92750
373,8	0,92060
373,9	0,91390
374,0	0,90740
374,1	0,90070
374,2	0,89380
374,3	0,88680
374,4	0,88000
374,5	0,87340
374,6	0,86680
374,7	0,85990
374,8	0,85290
374,9	0,84600
375,0	0,83940
375,1	0,83280
375,2	0,82590
375,3	0,81890
375,4	0,81190
375,5	0,80520
375,6	0,79860
375,7	0,79180
375,8	0,78480
375,9	0,77760
376,0	0,77080
376,1	0,76410
376,2	0,75730
376,3	0,75030
376,4	0,74330
376,5	0,73630
376,6	0,72960
376,7	0,72280
376,8	0,71590
376,9	0,70880
377,0	0,70170
377,1	0,69490
377,2	0,68820
377,3	0,68130
377,4	0,67420
377,5	0,66710
377,6	0,66020
377,7	0,65350
377,8	0,64670
377,9	0,63960
378,0	0,63240
378,1	0,62540
378,2	0,61860
378,3	0,61180
378,4	0,60480
378,5	0,59760
378,6	0,59050
378,7	0,58360
378,8	0,57690
378,9	0,57000
379,0	0,56280
379,1	0,55560
379,2	0,54870
379,3	0,54190
379,4	0,53510
379,5	0,52790
379,6	0,52070
379,7	0,51370
379,8	0,50690
379,9	0,50010
380,0	0,49310
380,1	0,48590
380,2	0,47870
380,3	0,47190
380,4	0,46510
380,5	0,45820
380,6	0,45100
380,7	0,44380
380,8	0,43690
380,9	0,43010
381,0	0,42330
381,1	0,41620
381,2	0,40900
381,3	0,40190
381,4	0,39510
381,5	0,38830
381,6	0,38130
381,7	0,37410
381,8	0,36700
381,9	0,36020
382,0	0,35340
382,1	0,34640
382,2	0,33930
382,3	0,33210
382,4	0,32530
382,5	0,31860
382,6	0,31170
382,7	0,30470
382,8	0,29750
382,9	0,29050
383,0	0,28370
383,1	0,27690
383,2	0,26990
383,3	0,26280
383,4	0,25580
383,5	0,24910
383,6	0,24240
383,7	0,23540
383,8	0,22830
383,9	0,22120
384,0	0,21440
384,1	0,20760
384,2	0,20080
384,3	0,19380
384,4	0,18670
384,5	0,17980
384,6	0,17310
384,7	0,16640
384,8	0,15940
384,9	0,15230
385,0	0,14540
385,1	0,13860
385,2	0,13180
385,3	0,12490
385,4	0,11790
385,5	0,11090
385,6	0,10410
385,7	0,09750
385,8	0,09070
385,9	0,08370
386,0	0,07670
386,1	0,06980
386,2	0,06310
386,3	0,05640
386,4	0,04950
386,5	0,04240
386,6	0,03550
386,7	0,02880
386,8	0,02210
386,9	0,01520
387,0	0,00820
387,1	0,00120
387,2	-0,00550
387,3	-0,01190
387,4	-0,01790
387,5	-0,02340
387,6	-0,02860
387,7	-0,03320
387,8	-0,03730
387,9	-0,04110
388,0	-0,04460
388,1	-0,04760
388,2	-0,05020
388,3	-0,05240
388,4	-0,05430
388,5	-0,05590
388,6	-0,05720
388,7	-0,05810
388,8	-0,05860
388,9	-0,05880
389,0	-0,05880
389,1	-0,05850
389,2	-0,05780
389,3	-0,05690
389,4	-0,05580
389,5	-0,05470
389,6	-0,05340
389,7	-0,05180
389,8	-0,04960
389,9	-0,04730
390,0	-0,04480
390,1	-0,04230
390,2	-0,03960
390,3	-0,03650
390,4	-0,03300
390,5	-0,02950
390,6	-0,02590
390,7	-0,02220
390,8	-0,01800
390,9	-0,01350
391,0	-0,00880
391,1	-0,00430
391,2	0,00030
391,3	0,00520
391,4	0,01050
391,5	0,01600
391,6	0,02140
391,7	0,02680
391,8	0,03230
391,9	0,03820
392,0	0,04440
392,1	0,05050
392,2	0,05640
392,3	0,06250
392,4	0,06890
392,5	0,07570
392,6	0,08230
392,7	0,08890
392,8	0,09540
392,9	0,10210
393,0	0,10930
393,1	0,11660
393,2	0,12370
393,3	0,13070
393,4	0,13780
393,5	0,14530
393,6	0,15300
393,7	0,16050
393,8	0,16790
393,9	0,17530
394,0	0,18300
394,1	0,19100
394,2	0,19900
394,3	0,20670
394,4	0,21440
394,5	0,22230
394,6	0,23060
394,7	0,23890
394,8	0,24700
394,9	0,25490
395,0	0,26300
395,1	0,27140
395,2	0,28000
395,3	0,28830
395,4	0,29650
395,5	0,30470
395,6	0,31320
395,7	0,32200
395,8	0,33050
395,9	0,33890
396,0	0,34720
396,1	0,35590
396,2	0,36470
396,3	0,37360
396,4	0,38230
396,5	0,39080
396,6	0,39940
396,7	0,40840
396,8	0,41730
396,9	0,42610
397,0	0,43470
397,1	0,44340
397,2	0,45240
397,3	0,46140
397,4	0,47040
397,5	0,47910
397,6	0,48780
397,7	0,49680
397,8	0,50600
397,9	0,51520
398,0	0,52410
398,1	0,53290
398,2	0,54180
398,3	0,55090
398,4	0,56010
398,5	0,56920
398,6	0,57810
398,7	0,58700
398,8	0,59620
398,9	0,60550
399,0	0,61460
399,1	0,62350
399,2	0,63240
399,3	0,64150
399,4	0,65090
399,5	0,66010
399,6	0,66920
399,7	0,67810
399,8	0,68720
399,9	0,69640
400,0	0,70570
400,1	0,71480
400,2	0,72380
400,3	0,73290
400,4	0,74220
400,5	0,75150
400,6	0,76070
400,7	0,76970
400,8	0,77860
400,9	0,78780
401,0	0,79720
401,1	0,80650
401,2	0,81560
401,3	0,82460
401,4	0,83370
401,5	0,84290
401,6	0,85210
401,7	0,86120
401,8	0,87020
401,9	0,87920
402,0	0,88850
402,1	0,89790
402,2	0,90700
402,3	0,91600
402,4	0,92490
402,5	0,93410
402,6	0,94340
402,7	0,95260
402,8	0,96170
402,9	0,97060
403,0	0,97970
403,1	0,98890
403,2	0,99820
403,3	1,00720
403,4	1,01610
403,5	1,02520
403,6	1,03440
403,7	1,04360
403,8	1,05270
403,9	1,06150
404,0	1,07040
404,1	1,07950
404,2	1,08880
404,3	1,09810
404,4	1,10700
404,5	1,11590
404,6	1,12490
404,7	1,13410
404,8	1,14320
404,9	1,15210
405,0	1,16100
405,1	1,16990
405,2	1,17900
405,3	1,18810
405,4	1,19700
405,5	1,20570
405,6	1,21440
405,7	1,22340
405,8	1,23240
405,9	1,24130
406,0	1,25010
406,1	1,25880
406,2	1,26760
406,3	1,27660
406,4	1,28540
406,5	1,29400
406,6	1,30260
406,7	1,31140
406,8	1,32040
406,9	1,32930
407,0	1,33800
407,1	1,34650
407,2	1,35510
407,3	1,36380
407,4	1,37270
407,5	1,38150
407,6	1,39010
407,7	1,39870
407,8	1,40750
407,9	1,41620
408,0	1,42490
408,1	1,43340
408,2	1,44190
408,3	1,45050
408,4	1,45930
408,5	1,46820
408,6	1,47680
408,7	1,48500
408,8	1,49280
408,9	1,50010
409,0	1,50690
409,1	1,51330
409,2	1,51930
409,3	1,52480
409,4	1,52990
409,5	1,53460
409,6	1,53880
409,7	1,54250
409,8	1,54600
409,9	1,54930
410,0	1,55180
410,1	1,55370
410,2	1,55550
410,3	1,55740
410,4	1,55900
410,5	1,56010
410,6	1,56060
410,7	1,56080
410,8	1,56080
410,9	1,56090
411,0	1,56080
411,1	1,56000
411,2	1,55890
411,3	1,55790
411,4	1,55690
411,5	1,55550
411,6	1,55350
411,7	1,55120
411,8	1,54890
411,9	1,54670
412,0	1,54460
412,1	1,54200
412,2	1,53880
412,3	1,53540
412,4	1,53220
412,5	1,52910
412,6	1,52570
412,7	1,52170
412,8	1,51760
412,9	1,51350
413,0	1,50960
413,1	1,50550
413,2	1,50070
413,3	1,49550
413,4	1,49060
413,5	1,48620
413,6	1,48170
413,7	1,47650
413,8	1,47090
413,9	1,46520
414,0	1,45990
414,1	1,45480
414,2	1,44930
414,3	1,44310
414,4	1,43680
414,5	1,43100
414,6	1,42540
414,7	1,41950
414,8	1,41290
414,9	1,40600
415,0	1,39950
415,1	1,39340
415,2	1,38730
415,3	1,38060
415,4	1,37340
415,5	1,36630
415,6	1,35970
415,7	1,35320
415,8	1,34620
415,9	1,33880
416,0	1,33130
416,1	1,32420
416,2	1,31740
416,3	1,31040
416,4	1,30270
416,5	1,29480
416,6	1,28730
416,7	1,28020
416,8	1,27300
416,9	1,26530
417,0	1,25730
417,1	1,24930
417,2	1,24190
417,3	1,23450
417,4	1,22670
417,5	1,21840
417,6	1,21010
417,7	1,20230
417,8	1,19480
417,9	1,18710
418,0	1,17870
418,1	1,17020
418,2	1,16200
418,3	1,15430
418,4	1,14650
418,5	1,13810
418,6	1,12940
418,7	1,12090
418,8	1,11290
418,9	1,10490
419,0	1,09660
419,1	1,08780
419,2	1,07910
419,3	1,07090
419,4	1,06290
419,5	1,05470
419,6	1,04590
419,7	1,03690
419,8	1,02840
419,9	1,02030
420,0	1,01200
420,1	1,00330
420,2	0,99420
420,3	0,98530
420,4	0,97700
420,5	0,96870
420,6	0,96000
420,7	0,95080
420,8	0,94180
420,9	0,93320
421,0	0,92490
421,1	0,91640
421,2	0,90730
421,3	0,89810
421,4	0,88930
421,5	0,88100
421,6	0,87250
421,7	0,86340
421,8	0,85410
421,9	0,84510
422,0	0,83670
422,1	0,82830
422,2	0,81930
422,3	0,81000
422,4	0,80080
422,5	0,79210
422,6	0,78360
422,7	0,77480
422,8	0,76540
422,9	0,75610
423,0	0,74720
423,1	0,73870
423,2	0,73000
423,3	0,72070
423,4	0,71120
423,5	0,70210
423,6	0,69350
423,7	0,68490
423,8	0,67580
423,9	0,66630
424,0	0,65710
424,1	0,64830
424,2	0,63980
424,3	0,63080
424,4	0,62130
424,5	0,61190
424,6	0,60300
424,7	0,59440
424,8	0,58560
424,9	0,57620
425,0	0,56670
425,1	0,55760
425,2	0,54900
425,3	0,54030
425,4	0,53110
425,5	0,52160
425,6	0,51230
425,7	0,50350
425,8	0,49490
425,9	0,48580
426,0	0,47630
426,1	0,46690
426,2	0,45790
426,3	0,44940
426,4	0,44050
426,5	0,43110
426,6	0,42150
426,7	0,41240
426,8	0,40380
426,9	0,39510
427,0	0,38580
427,1	0,37620
427,2	0,36690
427,3	0,35810
427,4	0,34950
427,5	0,34040
427,6	0,33080
427,7	0,32130
427,8	0,31250
427,9	0,30390
428,0	0,29500
428,1	0,28560
428,2	0,27610
428,3	0,26700
428,4	0,25840
428,5	0,24970
428,6	0,24040
428,7	0,23080
428,8	0,22160
428,9	0,21300
429,0	0,20440
429,1	0,19530
429,2	0,18580
429,3	0,17640
429,4	0,16760
429,5	0,15910
429,6	0,15020
429,7	0,14080
429,8	0,13130
429,9	0,12230
430,0	0,11380
430,1	0,10520
430,2	0,09590
430,3	0,08640
430,4	0,07730
430,5	0,06890
430,6	0,06090
430,7	0,05340
430,8	0,04660
430,9	0,04080
431,0	0,03600
431,1	0,03200
431,2	0,02840
431,3	0,02530
431,4	0,02310
431,5	0,02190
431,6	0,02150
431,7	0,02150
431,8	0,02180
431,9	0,02270
432,0	0,02450
432,1	0,02710
432,2	0,03000
432,3	0,03320
432,4	0,03690
432,5	0,04130
432,6	0,04640
432,7	0,05190
432,8	0,05760
432,9	0,06360
433,0	0,07020
433,1	0,07750
433,2	0,08530
433,3	0,09320
433,4	0,10120
433,5	0,10970
433,6	0,11890
433,7	0,12860
433,8	0,13840
433,9	0,14830
434,0	0,15850
434,1	0,16920
434,2	0,18030
434,3	0,19170
434,4	0,20310
434,5	0,21470
434,6	0,22650
434,7	0,23860
434,8	0,25100
434,9	0,26370
435,0	0,27650
435,1	0,28930
435,2	0,30240
435,3	0,31590
435,4	0,32970
435,5	0,34380
435,6	0,35800
435,7	0,37220
435,8	0,38670
435,9	0,40150
436,0	0,41660
436,1	0,43180
436,2	0,44700
436,3	0,46240
436,4	0,47810
436,5	0,49390
436,6	0,50980
436,7	0,52580
436,8	0,54190
436,9	0,55830
437,0	0,57500
437,1	0,59170
437,2	0,60830
437,3	0,62500
437,4	0,64180
437,5	0,65900
437,6	0,67620
437,7	0,69350
437,8	0,71080
437,9	0,72830
438,0	0,74590
438,1	0,76360
438,2	0,78140
438,3	0,79910
438,4	0,81690
438,5	0,83490
438,6	0,85310
438,7	0,87130
438,8	0,88930
438,9	0,90740
439,0	0,92550
439,1	0,94390
439,2	0,96230
439,3	0,98080
439,4	0,99930
439,5	1,01780
439,6	1,03650
439,7	1,05530
439,8	1,07400
439,9	1,09260
440,0	1,11140
440,1	1,13020
440,2	1,14920
440,3	1,16780
440,4	1,18580
440,5	1,20290
440,6	1,21910
440,7	1,23480
440,8	1,24980
440,9	1,26410
441,0	1,27750
441,1	1,29010
441,2	1,30190
441,3	1,31310
441,4	1,32370
441,5	1,33350
441,6	1,34270
441,7	1,35140
441,8	1,35960
441,9	1,36730
442,0	1,37430
442,1	1,38060
442,2	1,38640
442,3	1,39170
442,4	1,39670
442,5	1,40130
442,6	1,40530
442,7	1,40880
442,8	1,41190
442,9	1,41460
443,0	1,41690
443,1	1,41880
443,2	1,42020
443,3	1,42140
443,4	1,42230
443,5	1,42290
443,6	1,42310
443,7	1,42280
443,8	1,42210
443,9	1,42120
444,0	1,42010
444,1	1,41880
444,2	1,41710
444,3	1,41500
444,4	1,41270
444,5	1,41010
444,6	1,40740
444,7	1,40430
444,8	1,40100
444,9	1,39750
445,0	1,39380
445,1	1,39000
445,2	1,38590
445,3	1,38150
445,4	1,37680
445,5	1,37200
445,6	1,36720
445,7	1,36210
445,8	1,35680
445,9	1,35120
446,0	1,34560
446,1	1,33980
446,2	1,33390
446,3	1,32770
446,4	1,32140
446,5	1,31500
446,6	1,30850
446,7	1,30200
446,8	1,29530
446,9	1,28840
447,0	1,28130
447,1	1,27410
447,2	1,26690
447,3	1,25950
447,4	1,25200
447,5	1,24440
447,6	1,23660
447,7	1,22890
447,8	1,22110
447,9	1,21310
448,0	1,20490
448,1	1,19670
448,2	1,18850
448,3	1,18030
448,4	1,17190
448,5	1,16340
448,6	1,15470
448,7	1,14610
448,8	1,13740
448,9	1,12870
449,0	1,11980
449,1	1,11090
449,2	1,10200
449,3	1,09310
449,4	1,08410
449,5	1,07490
449,6	1,06560
449,7	1,05630
449,8	1,04710
449,9	1,03790
450,0	1,02850
450,1	1,01900
450,2	1,00940
450,3	0,99990
450,4	0,99040
450,5	0,98080
450,6	0,97100
450,7	0,96130
450,8	0,95150
450,9	0,94180
451,0	0,93210
451,1	0,92220
451,2	0,91230
451,3	0,90240
451,4	0,89260
451,5	0,88270
451,6	0,87270
451,7	0,86260
451,8	0,85240
451,9	0,84230
452,0	0,83230
452,1	0,82220
452,2	0,81200
452,3	0,80180
452,4	0,79170
452,5	0,78150
452,6	0,77130
452,7	0,76100
452,8	0,75060
452,9	0,74030
453,0	0,72990
453,1	0,71970
453,2	0,70930
453,3	0,69870
453,4	0,68780
453,5	0,67720
453,6	0,66690
453,7	0,65660
453,8	0,64590
453,9	0,63480
454,0	0,62390
454,1	0,61340
454,2	0,60320
454,3	0,59270
454,4	0,58170
454,5	0,57060
454,6	0,56000
454,7	0,54980
454,8	0,53950
454,9	0,52860
455,0	0,51750
455,1	0,50670
455,2	0,49640
455,3	0,48610
455,4	0,47530
455,5	0,46430
455,6	0,45330
455,7	0,44290
455,8	0,43260
455,9	0,42200
456,0	0,41110
456,1	0,40010
456,2	0,38940
456,3	0,37900
456,4	0,36850
456,5	0,35760
456,6	0,34660
456,7	0,33580
456,8	0,32540
456,9	0,31500
457,0	0,30420
457,1	0,29310
457,2	0,28210
457,3	0,27160
457,4	0,26130
457,5	0,25070
457,6	0,23970
457,7	0,22870
457,8	0,21810
457,9	0,20770
458,0	0,19720
458,1	0,18630
458,2	0,17530
458,3	0,16460
458,4	0,15430
458,5	0,14400
458,6	0,13320
458,7	0,12210
458,8	0,11120
458,9	0,10100
459,0	0,09160
459,1	0,08290
459,2	0,07480
459,3	0,06750
459,4	0,06090
459,5	0,05510
459,6	0,05000
459,7	0,04540
459,8	0,04150
459,9	0,03820
460,0	0,03570
460,1	0,03380
460,2	0,03240
460,3	0,03150
460,4	0,03110
460,5	0,03130
460,6	0,03210
460,7	0,03340
460,8	0,03510
460,9	0,03720
461,0	0,03990
461,1	0,04310
461,2	0,04670
461,3	0,05070
461,4	0,05490
461,5	0,05960
461,6	0,06480
461,7	0,07040
461,8	0,07630
461,9	0,08240
462,0	0,08880
462,1	0,09570
462,2	0,10300
462,3	0,11050
462,4	0,11820
462,5	0,12620
462,6	0,13450
462,7	0,14320
462,8	0,15220
462,9	0,16130
463,0	0,17060
463,1	0,18020
463,2	0,19010
463,3	0,20020
463,4	0,21050
463,5	0,22090
463,6	0,23150
463,7	0,24240
463,8	0,25360
463,9	0,26490
464,0	0,27630
464,1	0,28780
464,2	0,29950
464,3	0,31150
464,4	0,32380
464,5	0,33610
464,6	0,34840
464,7	0,36090
464,8	0,37370
464,9	0,38670
465,0	0,39970
465,1	0,41260
465,2	0,42580
465,3	0,43920
465,4	0,45280
465,5	0,46640
465,6	0,48000
465,7	0,49360
465,8	0,50740
465,9	0,52140
466,0	0,53560
466,1	0,54970
466,2	0,56390
466,3	0,57820
466,4	0,59270
466,5	0,60720
466,6	0,62180
466,7	0,63630
466,8	0,65100
466,9	0,66580
467,0	0,68080
467,1	0,69580
467,2	0,71070
467,3	0,72560
467,4	0,74070
467,5	0,75590
467,6	0,77130
467,7	0,78660
467,8	0,80190
467,9	0,81730
468,0	0,83290
468,1	0,84850
468,2	0,86410
468,3	0,87950
468,4	0,89510
468,5	0,91080
468,6	0,92670
468,7	0,94250
468,8	0,95820
468,9	0,97380
469,0	0,98960
469,1	1,00550
469,2	1,02140
469,3	1,03720
469,4	1,05300
469,5	1,06910
469,6	1,08520
469,7	1,10120
469,8	1,11720
469,9	1,13310
470,0	1,14900
470,1	1,16520
470,2	1,18150
470,3	1,19780
470,4	1,21390
470,5	1,22990
470,6	1,24570
470,7	1,26100
470,8	1,27570
470,9	1,28990
471,0	1,30340
471,1	1,31630
471,2	1,32840
471,3	1,33980
471,4	1,35050
471,5	1,36060
471,6	1,37020
471,7	1,37900
471,8	1,38720
471,9	1,39480
472,0	1,40190
472,1	1,40850
472,2	1,41460
472,3	1,42010
472,4	1,42510
472,5	1,42960
472,6	1,43370
472,7	1,43730
472,8	1,44060
472,9	1,44330
473,0	1,44570
473,1	1,44770
473,2	1,44930
473,3	1,45050
473,4	1,45120
473,5	1,45170
473,6	1,45180
473,7	1,45170
473,8	1,45130
473,9	1,45050
474,0	1,44930
474,1	1,44790
474,2	1,44630
474,3	1,44430
474,4	1,44210
474,5	1,43960
474,6	1,43690
474,7	1,43390
474,8	1,43070
474,9	1,42710
475,0	1,42340
475,1	1,41950
475,2	1,41550
475,3	1,41120
475,4	1,40670
475,5	1,40190
475,6	1,39690
475,7	1,39170
475,8	1,38650
475,9	1,38110
476,0	1,37540
476,1	1,36960
476,2	1,36360
476,3	1,35740
476,4	1,35120
476,5	1,34480
476,6	1,33820
476,7	1,33160
476,8	1,32480
476,9	1,31790
477,0	1,31090
477,1	1,30380
477,2	1,29650
477,3	1,28910
477,4	1,28170
477,5	1,27400
477,6	1,26630
477,7	1,25850
477,8	1,25060
477,9	1,24260
478,0	1,23460
478,1	1,22640
478,2	1,21810
478,3	1,20980
478,4	1,20130
478,5	1,19290
478,6	1,18430
478,7	1,17570
478,8	1,16700
478,9	1,15820
479,0	1,14940
479,1	1,14040
479,2	1,13140
479,3	1,12240
479,4	1,11330
479,5	1,10420
479,6	1,09500
479,7	1,08570
479,8	1,07640
479,9	1,06700
480,0	1,05760
480,1	1,04820
480,2	1,03870
480,3	1,02920
480,4	1,01950
480,5	1,00990
480,6	1,00020
480,7	0,99050
480,8	0,98070
480,9	0,97090
481,0	0,96110
481,1	0,95120
481,2	0,94140
481,3	0,93140
481,4	0,92140
481,5	0,91140
481,6	0,90150
481,7	0,89150
481,8	0,88140
481,9	0,87120
482,0	0,86110
482,1	0,85090
482,2	0,84070
482,3	0,83060
482,4	0,82030
482,5	0,81010
482,6	0,79980
482,7	0,78960
482,8	0,77930
482,9	0,76890
483,0	0,75860
483,1	0,74820
483,2	0,73780
483,3	0,72740
483,4	0,71690
483,5	0,70640
483,6	0,69600
483,7	0,68550
483,8	0,67500
483,9	0,66450
484,0	0,65400
484,1	0,64340
484,2	0,63290
484,3	0,62240
484,4	0,61180
484,5	0,60130
484,6	0,59070
484,7	0,58010
484,8	0,56950
484,9	0,55890
485,0	0,54830
485,1	0,53760
485,2	0,52710
485,3	0,51650
485,4	0,50590
485,5	0,49520
485,6	0,48460
485,7	0,47390
485,8	0,46330
485,9	0,45270
486,0	0,44200
486,1	0,43130
486,2	0,42060
486,3	0,40990
486,4	0,39930
486,5	0,38860
486,6	0,37790
486,7	0,36720
486,8	0,35650
486,9	0,34580
487,0	0,33510
487,1	0,32440
487,2	0,31370
487,3	0,30310
487,4	0,29240
487,5	0,28180
487,6	0,27100
487,7	0,26030
487,8	0,24960
487,9	0,23890
488,0	0,22830
488,1	0,21770
488,2	0,20700
488,3	0,19630
488,4	0,18560
488,5	0,17500
488,6	0,16440
488,7	0,15380
488,8	0,14310
488,9	0,13240
489,0	0,12180
489,1	0,11130
489,2	0,10090
489,3	0,09080
489,4	0,08110
489,5	0,07180
489,6	0,06280
489,7	0,05420
489,8	0,04600
489,9	0,03820
490,0	0,03090
490,1	0,02390
490,2	0,01720
490,3	0,01080
490,4	0,00480
490,5	-0,00090
490,6	-0,00630
490,7	-0,01140
490,8	-0,01630
490,9	-0,02080
491,0	-0,02490
491,1	-0,02890
491,2	-0,03260
491,3	-0,03610
491,4	-0,03930
491,5	-0,04230
491,6	-0,04510
491,7	-0,04780
491,8	-0,05030
491,9	-0,05240
492,0	-0,05430
492,1	-0,05610
492,2	-0,05780
492,3	-0,05930
492,4	-0,06050
492,5	-0,06160
492,6	-0,06250
492,7	-0,06320
492,8	-0,06370
492,9	-0,06400
493,0	-0,06420
493,1	-0,06410
493,2	-0,06400
493,3	-0,06360
493,4	-0,06310
493,5	-0,06240
493,6	-0,06170
493,7	-0,06090
493,8	-0,06010
493,9	-0,05910
494,0	-0,05790
494,1	-0,05670
494,2	-0,05540
494,3	-0,05400
494,4	-0,05250
494,5	-0,05090
494,6	-0,04920
494,7	-0,04750
494,8	-0,04560
494,9	-0,04370
495,0	-0,04160
495,1	-0,03940
495,2	-0,03710
495,3	-0,03490
495,4	-0,03260
495,5	-0,03020
495,6	-0,02780
495,7	-0,02520
495,8	-0,02270
495,9	-0,02010
496,0	-0,01740
496,1	-0,01470
496,2	-0,01190
496,3	-0,00910
496,4	-0,00620
496,5	-0,00330
496,6	-0,00030
496,7	0,00280
496,8	0,00600
496,9	0,00920
497,0	0,01240
497,1	0,01560
497,2	0,01880
497,3	0,02210
497,4	0,02540
497,5	0,02870
497,6	0,03210
497,7	0,03560
497,8	0,03910
497,9	0,04260
498,0	0,04610
498,1	0,04960
498,2	0,05310
498,3	0,05670
498,4	0,06030
498,5	0,06400
498,6	0,06770
498,7	0,07140
498,8	0,07510
498,9	0,07890
499,0	0,08260
499,1	0,08640
499,2	0,09010
499,3	0,09390
499,4	0,09780
499,5	0,10160
499,6	0,10540
499,7	0,10930
499,8	0,11320
499,9	0,11710
500,0	0,12100
500,1	0,12500
500,2	0,12900
500,3	0,13300
500,4	0,13700
500,5	0,14110
500,6	0,14510
500,7	0,14920
500,8	0,15320
500,9	0,15720
501,0	0,16130
501,1	0,16530
501,2	0,16930
501,3	0,17340
501,4	0,17740
501,5	0,18150
501,6	0,18560
501,7	0,18970
501,8	0,19380
501,9	0,19800
502,0	0,20210
502,1	0,20630
502,2	0,21050
502,3	0,21470
502,4	0,21890
502,5	0,22300
502,6	0,22720
502,7	0,23140
502,8	0,23550
502,9	0,23970
503,0	0,24380
503,1	0,24800
503,2	0,25220
503,3	0,25630
503,4	0,26050
503,5	0,26470
503,6	0,26890
503,7	0,27320
503,8	0,27740
503,9	0,28170
504,0	0,28600
504,1	0,29030
504,2	0,29450
504,3	0,29870
504,4	0,30290
504,5	0,30720
504,6	0,31140
504,7	0,31560
504,8	0,31990
504,9	0,32420
505,0	0,32840
505,1	0,33270
505,2	0,33700
505,3	0,34130
505,4	0,34550
505,5	0,34970
505,6	0,35390
505,7	0,35830
505,8	0,36260
505,9	0,36690
506,0	0,37120
506,1	0,37540
506,2	0,37970
506,3	0,38390
506,4	0,38810
506,5	0,39230
506,6	0,39640
506,7	0,40070
506,8	0,40490
506,9	0,40910
507,0	0,41330
507,1	0,41740
507,2	0,42160
507,3	0,42590
507,4	0,43010
507,5	0,43420
507,6	0,43840
507,7	0,44270
507,8	0,44700
507,9	0,45120
508,0	0,45540
508,1	0,45950
508,2	0,46370
508,3	0,46790
508,4	0,47210
508,5	0,47630
508,6	0,48050
508,7	0,48470
508,8	0,48890
508,9	0,49320
509,0	0,49730
509,1	0,50150
509,2	0,50560
509,3	0,50980
509,4	0,51400
509,5	0,51820
509,6	0,52240
509,7	0,52660
509,8	0,53070
509,9	0,53490
510,0	0,53900
510,1	0,54310
510,2	0,54720
510,3	0,55130
510,4	0,55540
510,5	0,55950
510,6	0,56350
510,7	0,56750
510,8	0,57160
510,9	0,57570
511,0	0,57980
511,1	0,58380
511,2	0,58790
511,3	0,59190
511,4	0,59600
511,5	0,60020
511,6	0,60430
511,7	0,60840
511,8	0,61250
511,9	0,61660
512,0	0,62070
512,1	0,62470
512,2	0,62870
512,3	0,63260
512,4	0,63670
512,5	0,64080
512,6	0,64490
512,7	0,64900
512,8	0,65310
512,9	0,65710
513,0	0,66110
513,1	0,66510
513,2	0,66900
513,3	0,67290
513,4	0,67690
513,5	0,68090
513,6	0,68500
513,7	0,68900
513,8	0,69290
513,9	0,69690
514,0	0,70080
514,1	0,70470
514,2	0,70860
514,3	0,71250
514,4	0,71630
514,5	0,72020
514,6	0,72400
514,7	0,72780
514,8	0,73170
514,9	0,73550
515,0	0,73940
515,1	0,74320
515,2	0,74710
515,3	0,75090
515,4	0,75470
515,5	0,75850
515,6	0,76230
515,7	0,76610
515,8	0,77000
515,9	0,77390
516,0	0,77770
516,1	0,78150
516,2	0,78520
516,3	0,78900
516,4	0,79270
516,5	0,79640
516,6	0,80010
516,7	0,80390
516,8	0,80760
516,9	0,81130
517,0	0,81500
517,1	0,81870
517,2	0,82230
517,3	0,82600
517,4	0,82960
517,5	0,83330
517,6	0,83700
517,7	0,84060
517,8	0,84420
517,9	0,84790
518,0	0,85160
518,1	0,85530
518,2	0,85900
518,3	0,86260
518,4	0,86620
518,5	0,86980
518,6	0,87330
518,7	0,87680
518,8	0,88030
518,9	0,88380
519,0	0,88730
519,1	0,89090
519,2	0,89440
519,3	0,89780
519,4	0,90130
519,5	0,90480
519,6	0,90830
519,7	0,91180
519,8	0,91520
519,9	0,91860
520,0	0,92210
520,1	0,92550
520,2	0,92900
520,3	0,93240
520,4	0,93580
520,5	0,93910
520,6	0,94260
520,7	0,94600
520,8	0,94940
520,9	0,95270
521,0	0,95610
521,1	0,95940
521,2	0,96270
521,3	0,96610
521,4	0,96930
521,5	0,97260
521,6	0,97590
521,7	0,97930
521,8	0,98270
521,9	0,98610
522,0	0,98930
522,1	0,99260
522,2	0,99590
522,3	0,99910
522,4	1,00230
522,5	1,00550
522,6	1,00860
522,7	1,01180
522,8	1,01500
522,9	1,01820
523,0	1,02130
523,1	1,02450
523,2	1,02770
523,3	1,03090
523,4	1,03400
523,5	1,03710
523,6	1,04010
523,7	1,04310
523,8	1,04620
523,9	1,04930
524,0	1,05230
524,1	1,05530
524,2	1,05830
524,3	1,06140
524,4	1,06440
524,5	1,06730
524,6	1,07020
524,7	1,07320
524,8	1,07610
524,9	1,07920
525,0	1,08220
525,1	1,08500
525,2	1,08790
525,3	1,09070
525,4	1,09370
525,5	1,09660
525,6	1,09940
525,7	1,10230
525,8	1,10520
525,9	1,10820
526,0	1,11120
526,1	1,11400
526,2	1,11690
526,3	1,11970
526,4	1,12260
526,5	1,12550
526,6	1,12830
526,7	1,13100
526,8	1,13370
526,9	1,13650
527,0	1,13920
527,1	1,14190
527,2	1,14460
527,3	1,14720
527,4	1,14990
527,5	1,15270
527,6	1,15540
527,7	1,15800
527,8	1,16050
527,9	1,16320
528,0	1,16590
528,1	1,16860
528,2	1,17120
528,3	1,17380
528,4	1,17640
528,5	1,17900
528,6	1,18160
528,7	1,18420
528,8	1,18680
528,9	1,18930
529,0	1,19200
529,1	1,19470
529,2	1,19740
529,3	1,19990
529,4	1,20240
529,5	1,20490
529,6	1,20750
529,7	1,21000
529,8	1,21250
529,9	1,21490
530,0	1,21730
530,1	1,21970
530,2	1,22220
530,3	1,22450
530,4	1,22680
530,5	1,22910
530,6	1,23150
530,7	1,23400
530,8	1,23630
530,9	1,23860
531,0	1,24080
531,1	1,24300
531,2	1,24540
531,3	1,24780
531,4	1,25000
531,5	1,25220
531,6	1,25440
531,7	1,25670
531,8	1,25900
531,9	1,26120
532,0	1,26330
532,1	1,26550
532,2	1,26770
532,3	1,27000
532,4	1,27220
532,5	1,27420
532,6	1,27630
532,7	1,27840
532,8	1,28060
532,9	1,28280
533,0	1,28480
533,1	1,28680
533,2	1,28890
533,3	1,29110
533,4	1,29330
533,5	1,29530
533,6	1,29730
533,7	1,29930
533,8	1,30140
533,9	1,30340
534,0	1,30540
534,1	1,30730
534,2	1,30920
534,3	1,31120
534,4	1,31310
534,5	1,31500
534,6	1,31690
534,7	1,31870
534,8	1,32060
534,9	1,32240
535,0	1,32420
535,1	1,32600
535,2	1,32770
535,3	1,32950
535,4	1,33130
535,5	1,33310
535,6	1,33480
535,7	1,33650
535,8	1,33820
535,9	1,33990
536,0	1,34180
536,1	1,34360
536,2	1,34540
536,3	1,34710
536,4	1,34890
536,5	1,35070
536,6	1,35240
536,7	1,35410
536,8	1,35570
536,9	1,35730
537,0	1,35890
537,1	1,36060
537,2	1,36210
537,3	1,36360
537,4	1,36510
537,5	1,36660
537,6	1,36810
537,7	1,36960
537,8	1,37110
537,9	1,37250
538,0	1,37390
538,1	1,37540
538,2	1,37690
538,3	1,37830
538,4	1,37970
538,5	1,38110
538,6	1,38250
538,7	1,38400
538,8	1,38540
538,9	1,38670
539,0	1,38800
539,1	1,38930
539,2	1,39070
539,3	1,39210
539,4	1,39340
539,5	1,39470
539,6	1,39610
539,7	1,39750
539,8	1,39890
539,9	1,40020
540,0	1,40150
540,1	1,40280
540,2	1,40410
540,3	1,40530
540,4	1,40660
540,5	1,40780
540,6	1,40900
540,7	1,41020
540,8	1,41130
540,9	1,41240
541,0	1,41350
541,1	1,41460
541,2	1,41570
541,3	1,41680
541,4	1,41780
541,5	1,41890
541,6	1,41980
541,7	1,42080
541,8	1,42180
541,9	1,42280
542,0	1,42380
542,1	1,42470
542,2	1,42560
542,3	1,42650
542,4	1,42750
542,5	1,42840
542,6	1,42920
542,7	1,43000
542,8	1,43090
542,9	1,43180
543,0	1,43270
543,1	1,43350
543,2	1,43420
543,3	1,43500
543,4	1,43580
543,5	1,43670
543,6	1,43740
543,7	1,43810
543,8	1,43880
543,9	1,43960
544,0	1,44040
544,1	1,44110
544,2	1,44170
544,3	1,44240
544,4	1,44310
544,5	1,44380
544,6	1,44450
544,7	1,44510
544,8	1,44570
544,9	1,44630
545,0	1,44700
545,1	1,44760
545,2	1,44820
545,3	1,44870
545,4	1,44930
545,5	1,44980
545,6	1,45040
545,7	1,45090
545,8	1,45140
545,9	1,45190
546,0	1,45240
546,1	1,45290
546,2	1,45340
546,3	1,45380
546,4	1,45420
546,5	1,45460
546,6	1,45500
546,7	1,45550
546,8	1,45580
546,9	1,45620
547,0	1,45650
547,1	1,45690
547,2	1,45730
547,3	1,45760
547,4	1,45790
547,5	1,45810
547,6	1,45840
547,7	1,45880
547,8	1,45910
547,9	1,45930
548,0	1,45950
548,1	1,45970
548,2	1,46000
548,3	1,46030
548,4	1,46050
548,5	1,46060
548,6	1,46080
548,7	1,46100
548,8	1,46120
548,9	1,46130
549,0	1,46140
549,1	1,46150
549,2	1,46150
549,3	1,46170
549,4	1,46180
549,5	1,46190
549,6	1,46190
549,7	1,46190
549,8	1,46200
549,9	1,46210
550,0	1,46220
550,1	1,46210
550,2	1,46210
550,3	1,46210
550,4	1,46220
550,5	1,46220
550,6	1,46210
550,7	1,46200
550,8	1,46190
550,9	1,46190
551,0	1,46190
551,1	1,46180
551,2	1,46160
551,3	1,46150
551,4	1,46140
551,5	1,46130
551,6	1,46110
551,7	1,46090
551,8	1,46070
551,9	1,46060
552,0	1,46040
552,1	1,46020
552,2	1,45990
552,3	1,45960
552,4	1,45930
552,5	1,45910
552,6	1,45890
552,7	1,45860
552,8	1,45830
552,9	1,45800
553,0	1,45770
553,1	1,45740
553,2	1,45710
553,3	1,45680
