0,0	0,19255
0,2	0,18795
0,4	0,18545
0,6	0,18515
0,8	0,18585
1,0	0,18855
1,2	0,19275
1,4	0,19790
1,6	0,20500
1,8	0,21270
2,0	0,22170
2,2	0,23200
2,4	0,24275
2,6	0,25495
2,8	0,26780
3,0	0,28120
3,2	0,29590
3,4	0,31085
3,6	0,32665
3,8	0,34345
4,0	0,36020
4,2	0,37800
4,4	0,39605
4,6	0,41430
4,8	0,43365
5,0	0,45275
5,2	0,47240
5,4	0,49285
5,6	0,51290
5,8	0,53385
6,0	0,55495
6,2	0,57595
6,4	0,59770
6,6	0,61910
6,8	0,64095
7,0	0,66320
7,2	0,68515
7,4	0,70780
7,6	0,73045
7,8	0,75295
8,0	0,77605
8,2	0,79865
8,4	0,82155
8,6	0,84480
8,8	0,86760
9,0	0,89085
9,2	0,91260
9,4	0,93290
9,6	0,95185
9,8	0,96870
10,0	0,98440
10,2	0,99865
10,4	1,01120
10,6	1,02320
10,8	1,03335
11,0	1,04255
11,2	1,05090
11,4	1,05770
11,6	1,06400
11,8	1,06935
12,0	1,07365
12,2	1,07765
12,4	1,08035
12,6	1,08250
12,8	1,08430
13,0	1,08490
13,2	1,08540
13,4	1,08515
13,6	1,08410
13,8	1,08305
14,0	1,08100
14,2	1,07880
14,4	1,07635
14,6	1,07295
14,8	1,06965
15,0	1,06570
15,2	1,06125
15,4	1,05695
15,6	1,05175
15,8	1,04670
16,0	1,04145
16,2	1,03540
16,4	1,02955
16,6	1,02320
16,8	1,01650
17,0	1,01010
17,2	1,00285
17,4	0,99580
17,6	0,98855
17,8	0,98065
18,0	0,97310
18,2	0,96510
18,4	0,95695
18,6	0,94900
18,8	0,94025
19,0	0,93175
19,2	0,92310
19,4	0,91385
19,6	0,90515
19,8	0,89585
20,0	0,88645
20,2	0,87735
20,4	0,86740
20,6	0,85780
20,8	0,84805
21,0	0,83780
21,2	0,82805
21,4	0,81775
21,6	0,80740
21,8	0,79740
22,0	0,78660
22,2	0,77625
22,4	0,76575
22,6	0,75475
22,8	0,74435
23,0	0,73320
23,2	0,72205
23,4	0,71130
23,6	0,69985
23,8	0,68885
24,0	0,67765
24,2	0,66600
24,4	0,65485
24,6	0,64310
24,8	0,63140
25,0	0,62005
25,2	0,60790
25,4	0,59640
25,6	0,58460
25,8	0,57225
26,0	0,56055
26,2	0,54825
26,4	0,53605
26,6	0,52410
26,8	0,51145
27,0	0,49930
27,2	0,48690
27,4	0,47420
27,6	0,46205
27,8	0,44920
28,0	0,43645
28,2	0,42400
28,4	0,41090
28,6	0,39830
28,8	0,38545
29,0	0,37230
29,2	0,35970
29,4	0,34645
29,6	0,33335
29,8	0,32045
30,0	0,30685
30,2	0,29390
30,4	0,28055
30,6	0,26700
30,8	0,25395
31,0	0,24010
31,2	0,22665
31,4	0,21335
31,6	0,19935
31,8	0,18605
32,0	0,17230
32,2	0,15835
32,4	0,14490
32,6	0,13075
32,8	0,11695
33,0	0,10325
33,2	0,08890
33,4	0,07530
33,6	0,06125
33,8	0,04695
34,0	0,03325
34,2	0,01950
34,4	0,00765
34,6	-0,00260
34,8	-0,01110
35,0	-0,01750
35,2	-0,02265
35,4	-0,02595
35,6	-0,02760
35,8	-0,02825
36,0	-0,02715
36,2	-0,02515
36,4	-0,02210
36,6	-0,01750
36,8	-0,01245
37,0	-0,00610
37,2	0,00125
37,4	0,00895
37,6	0,01810
37,8	0,02760
38,0	0,03770
38,2	0,04880
38,4	0,06005
38,6	0,07215
38,8	0,08480
39,0	0,09750
39,2	0,11130
39,4	0,12525
39,6	0,13945
39,8	0,15430
40,0	0,16905
40,2	0,18445
40,4	0,20025
40,6	0,21590
40,8	0,23235
41,0	0,24870
41,2	0,26515
41,4	0,28220
41,6	0,29890
41,8	0,31620
42,0	0,33365
42,2	0,35085
42,4	0,36865
42,6	0,38620
42,8	0,40385
43,0	0,42195
43,2	0,43960
43,4	0,45775
43,6	0,47595
43,8	0,49375
44,0	0,51225
44,2	0,53045
44,4	0,54865
44,6	0,56715
44,8	0,58520
45,0	0,60365
45,2	0,62200
45,4	0,64000
45,6	0,65870
45,8	0,67690
46,0	0,69515
46,2	0,71365
46,4	0,73160
46,6	0,75005
46,8	0,76830
47,0	0,78630
47,2	0,80480
47,4	0,82280
47,6	0,84080
47,8	0,85905
48,0	0,87675
48,2	0,89500
48,4	0,91300
48,6	0,93070
48,8	0,94880
49,0	0,96645
49,2	0,98405
49,4	1,00045
49,6	1,01445
49,8	1,02650
50,0	1,03580
50,2	1,04305
50,4	1,04845
50,6	1,05155
50,8	1,05320
51,0	1,05295
51,2	1,05095
51,4	1,04780
51,6	1,04285
51,8	1,03665
52,0	1,02935
52,2	1,02050
52,4	1,01090
52,6	1,00010
52,8	0,98810
53,0	0,97555
53,2	0,96180
53,4	0,94735
53,6	0,93225
53,8	0,91600
54,0	0,89940
54,2	0,88210
54,4	0,86395
54,6	0,84550
54,8	0,82620
55,0	0,80660
55,2	0,78655
55,4	0,76570
55,6	0,74480
55,8	0,72320
56,0	0,70125
56,2	0,67920
56,4	0,65640
56,6	0,63360
56,8	0,61040
57,0	0,58665
57,2	0,56305
57,4	0,53885
57,6	0,51435
57,8	0,48990
58,0	0,46480
58,2	0,43980
58,4	0,41455
58,6	0,38890
58,8	0,36345
59,0	0,33755
59,2	0,31155
59,4	0,28570
59,6	0,25930
59,8	0,23305
60,0	0,20720
60,2	0,18275
60,4	0,16040
60,6	0,14040
60,8	0,12265
61,0	0,10715
61,2	0,09365
61,4	0,08200
61,6	0,07200
61,8	0,06380
62,0	0,05730
62,2	0,05210
62,4	0,04835
62,6	0,04585
62,8	0,04465
63,0	0,04460
63,2	0,04555
63,4	0,04750
63,6	0,05055
63,8	0,05435
64,0	0,05900
64,2	0,06445
64,4	0,07055
64,6	0,07745
64,8	0,08485
65,0	0,09285
65,2	0,10140
65,4	0,11045
65,6	0,12005
65,8	0,13000
66,0	0,14035
66,2	0,15115
66,4	0,16230
66,6	0,17380
66,8	0,18555
67,0	0,19755
67,2	0,20995
67,4	0,22260
67,6	0,23545
67,8	0,24860
68,0	0,26180
68,2	0,27530
68,4	0,28890
68,6	0,30265
68,8	0,31645
69,0	0,33030
69,2	0,34445
69,4	0,35865
69,6	0,37290
69,8	0,38730
70,0	0,40170
70,2	0,41625
70,4	0,43085
70,6	0,44545
70,8	0,46005
71,0	0,47465
71,2	0,48935
71,4	0,50415
71,6	0,51885
71,8	0,53365
72,0	0,54845
72,2	0,56320
72,4	0,57800
72,6	0,59275
72,8	0,60740
73,0	0,62210
73,2	0,63675
73,4	0,65150
73,6	0,66615
73,8	0,68070
74,0	0,69525
74,2	0,70975
74,4	0,72420
74,6	0,73875
74,8	0,75320
75,0	0,76750
75,2	0,78180
75,4	0,79605
75,6	0,81030
75,8	0,82465
76,0	0,83875
76,2	0,85285
76,4	0,86700
76,6	0,88090
76,8	0,89485
77,0	0,90875
77,2	0,92255
77,4	0,93620
77,6	0,94975
77,8	0,96330
78,0	0,97680
78,2	0,99030
78,4	1,00375
78,6	1,01705
78,8	1,03035
79,0	1,04360
79,2	1,05685
79,4	1,07015
79,6	1,08315
79,8	1,09545
80,0	1,10630
80,2	1,11550
80,4	1,12310
80,6	1,12925
80,8	1,13400
81,0	1,13735
81,2	1,13935
81,4	1,14020
81,6	1,14000
81,8	1,13875
82,0	1,13650
82,2	1,13335
82,4	1,12930
82,6	1,12450
82,8	1,11880
83,0	1,11230
83,2	1,10525
83,4	1,09745
83,6	1,08905
83,8	1,08005
84,0	1,07045
84,2	1,06045
84,4	1,04990
84,6	1,03885
84,8	1,02730
85,0	1,01540
85,2	1,00310
85,4	0,99040
85,6	0,97740
85,8	0,96400
86,0	0,95035
86,2	0,93625
86,4	0,92190
86,6	0,90735
86,8	0,89245
87,0	0,87740
87,2	0,86205
87,4	0,84650
87,6	0,83080
87,8	0,81475
88,0	0,79850
88,2	0,78210
88,4	0,76555
88,6	0,74880
88,8	0,73190
89,0	0,71485
89,2	0,69765
89,4	0,68025
89,6	0,66270
89,8	0,64505
90,0	0,62735
90,2	0,60950
90,4	0,59140
90,6	0,57330
90,8	0,55510
91,0	0,53670
91,2	0,51825
91,4	0,49965
91,6	0,48105
91,8	0,46240
92,0	0,44360
92,2	0,42475
92,4	0,40585
92,6	0,38670
92,8	0,36750
93,0	0,34830
93,2	0,32905
93,4	0,30970
93,6	0,29025
93,8	0,27075
94,0	0,25130
94,2	0,23170
94,4	0,21210
94,6	0,19245
94,8	0,17270
95,0	0,15300
95,2	0,13325
95,4	0,11335
95,6	0,09390
95,8	0,07530
96,0	0,05815
96,2	0,04280
96,4	0,02895
96,6	0,01675
96,8	0,00610
97,0	-0,00330
97,2	-0,01120
97,4	-0,01785
97,6	-0,02350
97,8	-0,02800
98,0	-0,03155
98,2	-0,03410
98,4	-0,03565
98,6	-0,03640
98,8	-0,03640
99,0	-0,03565
99,2	-0,03440
99,4	-0,03240
99,6	-0,02990
99,8	-0,02670
100,0	-0,02290
100,2	-0,01870
100,4	-0,01405
100,6	-0,00900
100,8	-0,00355
101,0	0,00235
101,2	0,00870
101,4	0,01520
101,6	0,02205
101,8	0,02910
102,0	0,03650
102,2	0,04410
102,4	0,05180
102,6	0,05995
102,8	0,06805
103,0	0,07635
103,2	0,08485
103,4	0,09335
103,6	0,10215
103,8	0,11105
104,0	0,12005
104,2	0,12930
104,4	0,13840
104,6	0,14765
104,8	0,15705
105,0	0,16645
105,2	0,17590
105,4	0,18540
105,6	0,19505
105,8	0,20470
106,0	0,21430
106,2	0,22395
106,4	0,23360
106,6	0,24320
106,8	0,25295
107,0	0,26270
107,2	0,27245
107,4	0,28220
107,6	0,29180
107,8	0,30160
108,0	0,31140
108,2	0,32105
108,4	0,33070
108,6	0,34020
108,8	0,34980
109,0	0,35940
109,2	0,36885
109,4	0,37825
109,6	0,38765
109,8	0,39695
110,0	0,40635
110,2	0,41560
110,4	0,42490
110,6	0,43430
110,8	0,44345
111,0	0,45260
111,2	0,46165
111,4	0,47060
111,6	0,47965
111,8	0,48850
112,0	0,49730
112,2	0,50610
112,4	0,51485
112,6	0,52360
112,8	0,53235
113,0	0,54085
113,2	0,54945
113,4	0,55780
113,6	0,56620
113,8	0,57460
114,0	0,58275
114,2	0,59105
114,4	0,59925
114,6	0,60735
114,8	0,61550
115,0	0,62345
115,2	0,63130
115,4	0,63910
115,6	0,64675
115,8	0,65455
116,0	0,66220
116,2	0,66970
116,4	0,67725
116,6	0,68465
116,8	0,69210
117,0	0,69955
117,2	0,70680
117,4	0,71400
117,6	0,72100
117,8	0,72785
118,0	0,73480
118,2	0,74150
118,4	0,74820
118,6	0,75485
118,8	0,76135
119,0	0,76785
119,2	0,77430
119,4	0,78070
119,6	0,78720
119,8	0,79360
120,0	0,79995
120,2	0,80600
120,4	0,81200
120,6	0,81795
120,8	0,82375
121,0	0,82945
121,2	0,83520
121,4	0,84070
121,6	0,84620
121,8	0,85170
122,0	0,85705
122,2	0,86245
122,4	0,86765
122,6	0,87280
122,8	0,87800
123,0	0,88305
123,2	0,88820
123,4	0,89335
123,6	0,89835
123,8	0,90320
124,0	0,90780
124,2	0,91235
124,4	0,91680
124,6	0,92115
124,8	0,92550
125,0	0,92975
125,2	0,93385
125,4	0,93805
125,6	0,94200
125,8	0,94595
126,0	0,94985
126,2	0,95360
126,4	0,95735
126,6	0,96095
126,8	0,96450
127,0	0,96805
127,2	0,97140
127,4	0,97475
127,6	0,97805
127,8	0,98120
128,0	0,98440
128,2	0,98745
128,4	0,99045
128,6	0,99340
128,8	0,99615
129,0	0,99905
129,2	1,00185
129,4	1,00450
129,6	1,00730
129,8	1,00995
130,0	1,01255
130,2	1,01510
130,4	1,01745
130,6	1,01975
130,8	1,02190
131,0	1,02390
131,2	1,02585
131,4	1,02765
131,6	1,02940
131,8	1,03105
132,0	1,03255
132,2	1,03405
132,4	1,03545
132,6	1,03675
132,8	1,03805
133,0	1,03920
133,2	1,04030
133,4	1,04135
133,6	1,04235
133,8	1,04325
134,0	1,04410
134,2	1,04490
134,4	1,04565
134,6	1,04625
134,8	1,04685
135,0	1,04745
135,2	1,04795
135,4	1,04840
135,6	1,04880
135,8	1,04910
136,0	1,04945
136,2	1,04955
136,4	1,04965
136,6	1,04970
136,8	1,04945
137,0	1,04925
137,2	1,04885
137,4	1,04830
137,6	1,04775
137,8	1,04710
138,0	1,04635
138,2	1,04560
138,4	1,04470
138,6	1,04380
138,8	1,04275
139,0	1,04165
139,2	1,04060
139,4	1,03940
139,6	1,03810
139,8	1,03675
140,0	1,03525
140,2	1,03385
140,4	1,03225
140,6	1,03060
140,8	1,02900
141,0	1,02720
141,2	1,02535
141,4	1,02350
141,6	1,02150
141,8	1,01950
142,0	1,01735
142,2	1,01515
142,4	1,01295
142,6	1,01080
142,8	1,00870
143,0	1,00645
143,2	1,00385
143,4	1,00125
143,6	0,99850
143,8	0,99560
144,0	0,99280
144,2	0,98985
144,4	0,98685
144,6	0,98380
144,8	0,98060
145,0	0,97740
145,2	0,97405
145,4	0,97070
145,6	0,96735
145,8	0,96380
146,0	0,96020
146,2	0,95665
146,4	0,95305
146,6	0,94950
146,8	0,94570
147,0	0,94175
147,2	0,93780
147,4	0,93375
147,6	0,92955
147,8	0,92530
148,0	0,92090
148,2	0,91655
148,4	0,91215
148,6	0,90755
148,8	0,90305
149,0	0,89840
149,2	0,89380
149,4	0,88920
149,6	0,88435
149,8	0,87945
150,0	0,87440
150,2	0,86930
150,4	0,86420
150,6	0,85910
150,8	0,85390
151,0	0,84855
151,2	0,84310
151,4	0,83765
151,6	0,83215
151,8	0,82670
152,0	0,82115
152,2	0,81535
152,4	0,80955
152,6	0,80360
152,8	0,79755
153,0	0,79145
153,2	0,78530
153,4	0,77905
153,6	0,77280
153,8	0,76655
154,0	0,76035
154,2	0,75400
154,4	0,74745
154,6	0,74095
154,8	0,73435
155,0	0,72775
155,2	0,72100
155,4	0,71415
155,6	0,70720
155,8	0,70025
156,0	0,69325
156,2	0,68625
156,4	0,67910
156,6	0,67175
156,8	0,66445
157,0	0,65705
157,2	0,64955
157,4	0,64210
157,6	0,63450
157,8	0,62705
158,0	0,61945
158,2	0,61175
158,4	0,60405
158,6	0,59615
158,8	0,58845
159,0	0,58050
159,2	0,57240
159,4	0,56430
159,6	0,55625
159,8	0,54805
160,0	0,53975
160,2	0,53130
160,4	0,52290
160,6	0,51445
160,8	0,50575
161,0	0,49720
161,2	0,48865
161,4	0,47995
161,6	0,47130
161,8	0,46235
162,0	0,45350
162,2	0,44455
162,4	0,43545
162,6	0,42645
162,8	0,41740
163,0	0,40825
163,2	0,39910
163,4	0,38975
163,6	0,38045
163,8	0,37105
164,0	0,36150
164,2	0,35205
164,4	0,34260
164,6	0,33300
164,8	0,32340
165,0	0,31375
165,2	0,30420
165,4	0,29440
