0,0	0,27580
0,1	0,29250
0,2	0,33080
0,3	0,33610
0,4	0,29380
0,5	0,24940
0,6	0,25090
0,7	0,28730
0,8	0,30350
0,9	0,27150
1,0	0,23140
1,1	0,23940
1,2	0,29260
1,3	0,33700
1,4	0,33470
1,5	0,30790
1,6	0,31130
1,7	0,36400
1,8	0,42580
1,9	0,44830
2,0	0,43280
2,1	0,42630
2,2	0,46210
2,3	0,51970
2,4	0,55060
2,5	0,53990
2,6	0,52750
2,7	0,55710
2,8	0,62060
2,9	0,66680
3,0	0,66540
3,1	0,64280
3,2	0,64990
3,3	0,70240
3,4	0,76080
3,5	0,77990
3,6	0,76450
3,7	0,76200
3,8	0,80150
3,9	0,85750
4,0	0,88400
4,1	0,87250
4,2	0,86250
4,3	0,89410
4,4	0,95690
4,5	1,00020
4,6	0,99650
4,7	0,97560
4,8	0,98730
4,9	1,04050
5,0	1,09450
5,1	1,11050
5,2	1,09630
5,3	1,09660
5,4	1,13840
5,5	1,19490
5,6	1,21890
5,7	1,20540
5,8	1,19720
5,9	1,23120
6,0	1,29300
6,1	1,33410
6,2	1,33050
6,3	1,31170
6,4	1,32540
6,5	1,37460
6,6	1,40320
6,7	1,37790
6,8	1,33120
6,9	1,30760
7,0	1,31220
7,1	1,30980
7,2	1,27020
7,3	1,20780
7,4	1,16480
7,5	1,16040
7,6	1,16700
7,7	1,14310
7,8	1,08610
7,9	1,03370
8,0	1,01570
8,1	1,01940
8,2	1,00600
8,3	0,95670
8,4	0,89880
8,5	0,87190
8,6	0,87650
8,7	0,87280
8,8	0,83040
8,9	0,76790
9,0	0,72720
9,1	0,72410
9,2	0,73020
9,3	0,70500
9,4	0,64590
9,5	0,59210
9,6	0,57660
9,7	0,58330
9,8	0,56840
9,9	0,51720
10,0	0,46070
10,1	0,43590
10,2	0,44160
10,3	0,43740
10,4	0,39310
10,5	0,32860
10,6	0,28940
10,7	0,28970
10,8	0,29570
10,9	0,26950
11,0	0,23170
11,1	0,23210
11,2	0,27220
11,3	0,31510
11,4	0,33660
11,5	0,34840
11,6	0,38110
11,7	0,44330
11,8	0,51050
11,9	0,55600
12,0	0,58000
12,1	0,60660
12,2	0,65530
12,3	0,71640
12,4	0,76480
12,5	0,79340
12,6	0,82190
12,7	0,87160
12,8	0,93680
12,9	0,99120
13,0	1,01990
13,1	1,03890
13,2	1,07570
13,3	1,13740
13,4	1,20280
13,5	1,24730
13,6	1,27200
13,7	1,30200
13,8	1,35240
13,9	1,39340
14,0	1,39460
14,1	1,37560
14,2	1,36760
14,3	1,37200
14,4	1,36560
14,5	1,33310
14,6	1,28730
14,7	1,25590
14,8	1,24890
14,9	1,24670
15,0	1,22570
15,1	1,18670
15,2	1,15150
15,3	1,13670
15,4	1,13170
15,5	1,11250
15,6	1,07280
15,7	1,03390
15,8	1,01730
15,9	1,01730
16,0	1,00790
16,1	0,97350
16,2	0,92690
16,3	0,89570
16,4	0,89020
16,5	0,88840
16,6	0,86630
16,7	0,82720
16,8	0,79340
16,9	0,78040
17,0	0,77560
17,1	0,75380
17,2	0,71270
17,3	0,67470
17,4	0,66010
17,5	0,66190
17,6	0,65230
17,7	0,61680
17,8	0,57150
17,9	0,54180
18,0	0,53470
18,1	0,53120
18,2	0,50810
18,3	0,46900
18,4	0,43740
18,5	0,42670
18,6	0,42090
18,7	0,39690
18,8	0,35500
18,9	0,31770
19,0	0,30450
19,1	0,30760
19,2	0,29730
19,3	0,25990
19,4	0,22420
19,5	0,22110
19,6	0,24040
19,7	0,25140
19,8	0,24160
19,9	0,23010
20,0	0,23900
20,1	0,26500
20,2	0,28580
20,3	0,28600
20,4	0,27520
20,5	0,27790
20,6	0,30210
20,7	0,32780
20,8	0,33270
20,9	0,32060
21,0	0,31640
21,1	0,33470
21,2	0,36380
21,3	0,37890
21,4	0,37210
21,5	0,36320
21,6	0,37420
21,7	0,40070
21,8	0,41970
21,9	0,41880
22,0	0,40830
22,1	0,41200
22,2	0,43730
22,3	0,46280
22,4	0,46620
22,5	0,45450
22,6	0,45270
22,7	0,47160
22,8	0,49800
22,9	0,51080
23,0	0,50360
23,1	0,49540
23,2	0,50710
23,3	0,53500
23,4	0,55380
23,5	0,54980
23,6	0,53990
23,7	0,54580
23,8	0,57000
23,9	0,59380
24,0	0,59810
24,1	0,58640
24,2	0,58360
24,3	0,60400
24,4	0,63130
24,5	0,64130
24,6	0,63320
24,7	0,62790
24,8	0,64080
24,9	0,66600
25,0	0,68300
25,1	0,67980
25,2	0,67010
25,3	0,67690
25,4	0,70210
25,5	0,72350
25,6	0,72460
25,7	0,71440
25,8	0,71480
25,9	0,73500
26,0	0,76030
26,1	0,77000
26,2	0,76250
26,3	0,75680
26,4	0,77120
26,5	0,79680
26,6	0,81110
26,7	0,80660
26,8	0,79790
26,9	0,80500
27,0	0,82920
27,1	0,85080
27,2	0,85180
27,3	0,84060
27,4	0,84210
27,5	0,86340
27,6	0,88710
27,7	0,89520
27,8	0,88760
27,9	0,88300
28,0	0,89770
28,1	0,92340
28,2	0,93690
28,3	0,93050
28,4	0,92210
28,5	0,93190
28,6	0,95690
28,7	0,97530
28,8	0,97500
28,9	0,96600
29,0	0,96840
29,1	0,98960
29,2	1,01320
29,3	1,01860
29,4	1,00870
29,5	1,00610
29,6	1,02330
29,7	1,04800
29,8	1,05950
29,9	1,05310
30,0	1,04610
30,1	1,05650
30,2	1,08220
30,3	1,10070
30,4	1,09750
30,5	1,08720
30,6	1,09190
30,7	1,11350
30,8	1,13400
30,9	1,13790
31,0	1,12860
31,1	1,12670
31,2	1,14440
31,3	1,16960
31,4	1,17960
31,5	1,17080
31,6	1,16380
31,7	1,17590
31,8	1,20110
31,9	1,21710
32,0	1,21390
32,1	1,20430
32,2	1,20900
32,3	1,23330
32,4	1,25550
32,5	1,25620
32,6	1,24480
32,7	1,24440
32,8	1,26330
32,9	1,28660
33,0	1,29540
33,1	1,28690
33,2	1,28100
33,3	1,29440
33,4	1,31960
33,5	1,33410
33,6	1,32850
33,7	1,31940
33,8	1,32610
33,9	1,34880
34,0	1,36830
34,1	1,36910
34,2	1,35850
34,3	1,35880
34,4	1,37870
34,5	1,40160
34,6	1,40800
34,7	1,39910
34,8	1,39430
34,9	1,40790
35,0	1,43150
35,1	1,44430
35,2	1,43830
35,3	1,42950
35,4	1,43610
35,5	1,44550
35,6	1,43540
35,7	1,40800
35,8	1,37670
35,9	1,35070
36,0	1,32900
36,1	1,30320
36,2	1,26830
36,3	1,22920
36,4	1,19620
36,5	1,17200
36,6	1,14760
36,7	1,11550
36,8	1,07830
36,9	1,04410
37,0	1,01720
37,1	0,99340
37,2	0,96390
37,3	0,92620
37,4	0,88890
37,5	0,86100
37,6	0,84000
37,7	0,81430
37,8	0,77910
37,9	0,74070
38,0	0,70810
38,1	0,68380
38,2	0,66040
38,3	0,62910
38,4	0,59030
38,5	0,55620
38,6	0,53210
38,7	0,50910
38,8	0,47790
38,9	0,44050
39,0	0,40490
39,1	0,37770
39,2	0,35670
39,3	0,33140
39,4	0,29510
39,5	0,25550
39,6	0,22540
39,7	0,20830
39,8	0,19920
39,9	0,19430
40,0	0,19260
40,1	0,19370
40,2	0,20450
40,3	0,22870
40,4	0,25720
40,5	0,27820
40,6	0,29290
40,7	0,31180
40,8	0,34050
40,9	0,37420
41,0	0,40100
41,1	0,41570
41,2	0,42790
41,3	0,45050
41,4	0,48390
41,5	0,51570
41,6	0,53680
41,7	0,55190
41,8	0,57120
41,9	0,59930
42,0	0,63020
42,1	0,65290
42,2	0,66720
42,3	0,68530
42,4	0,71500
42,5	0,74930
42,6	0,77500
42,7	0,78960
42,8	0,80340
42,9	0,82660
43,0	0,85910
43,1	0,89020
43,2	0,91040
43,3	0,92470
43,4	0,94540
43,5	0,97520
43,6	1,00660
43,7	1,02990
43,8	1,04460
43,9	1,06250
44,0	1,09150
44,1	1,12470
44,2	1,14980
44,3	1,16400
44,4	1,17770
44,5	1,20190
44,6	1,23540
44,7	1,26610
44,8	1,28630
44,9	1,30100
45,0	1,32130
45,1	1,35120
45,2	1,38200
45,3	1,40350
45,4	1,41800
45,5	1,43490
45,6	1,44880
45,7	1,45440
45,8	1,45550
45,9	1,45150
46,0	1,43860
46,1	1,42080
46,2	1,40860
46,3	1,40320
46,4	1,39690
46,5	1,38440
46,6	1,36620
46,7	1,34900
46,8	1,33860
46,9	1,33180
47,0	1,32130
47,1	1,30540
47,2	1,28990
47,3	1,27960
47,4	1,27280
47,5	1,26180
47,6	1,24460
47,7	1,22670
47,8	1,21390
47,9	1,20780
48,0	1,20130
48,1	1,18760
48,2	1,16920
48,3	1,15350
48,4	1,14420
48,5	1,13650
48,6	1,12490
48,7	1,10900
48,8	1,09310
48,9	1,08260
49,0	1,07590
49,1	1,06620
49,2	1,04890
49,3	1,02950
49,4	1,01650
49,5	1,00970
49,6	1,00260
49,7	0,99000
49,8	0,97250
49,9	0,95600
50,0	0,94540
50,1	0,93820
50,2	0,92720
50,3	0,91090
50,4	0,89460
50,5	0,88420
50,6	0,87750
50,7	0,86700
50,8	0,85050
50,9	0,83200
51,0	0,81840
51,1	0,81190
51,2	0,80610
51,3	0,79330
51,4	0,77510
51,5	0,75990
51,6	0,75080
51,7	0,74230
51,8	0,72970
51,9	0,71270
52,0	0,69590
52,1	0,68540
52,2	0,67940
52,3	0,66950
52,4	0,65220
52,5	0,63310
52,6	0,62000
52,7	0,61370
52,8	0,60710
52,9	0,59410
53,0	0,57590
53,1	0,55930
53,2	0,54940
53,3	0,54210
53,4	0,53020
53,5	0,51330
53,6	0,49800
53,7	0,48860
53,8	0,48190
53,9	0,47110
54,0	0,45410
54,1	0,43510
54,2	0,42150
54,3	0,41560
54,4	0,40900
54,5	0,39510
54,6	0,37760
54,7	0,36370
54,8	0,35460
54,9	0,34550
55,0	0,33160
55,1	0,31400
55,2	0,29830
55,3	0,28880
55,4	0,28300
55,5	0,27200
55,6	0,25340
55,7	0,23470
55,8	0,22230
55,9	0,21570
56,0	0,20900
56,1	0,20050
56,2	0,19660
56,3	0,19860
56,4	0,20190
56,5	0,20440
56,6	0,20810
56,7	0,21730
56,8	0,22990
56,9	0,24090
57,0	0,25060
57,1	0,25990
57,2	0,26810
57,3	0,27570
57,4	0,28300
57,5	0,28970
57,6	0,29740
57,7	0,30820
57,8	0,32280
57,9	0,33610
58,0	0,34400
58,1	0,34820
58,2	0,35310
58,3	0,36190
58,4	0,37320
58,5	0,38400
58,6	0,39310
58,7	0,40200
58,8	0,41230
58,9	0,42160
59,0	0,42850
59,1	0,43450
59,2	0,44210
59,3	0,45330
59,4	0,46640
59,5	0,47790
59,6	0,48500
59,7	0,48970
59,8	0,49610
59,9	0,50530
60,0	0,51610
60,1	0,52620
60,2	0,53530
60,3	0,54450
60,4	0,55350
60,5	0,56330
60,6	0,57290
60,7	0,57950
60,8	0,58510
60,9	0,59490
61,0	0,60790
61,1	0,61870
61,2	0,62580
61,3	0,63100
61,4	0,63730
61,5	0,64690
61,6	0,65820
61,7	0,66830
61,8	0,67640
61,9	0,68430
62,0	0,69370
62,1	0,70300
62,2	0,71050
62,3	0,71660
62,4	0,72450
62,5	0,73520
62,6	0,74690
62,7	0,75870
62,8	0,76720
62,9	0,77260
63,0	0,77850
63,1	0,78740
63,2	0,79880
63,3	0,80890
63,4	0,81650
63,5	0,82370
63,6	0,83220
63,7	0,84150
63,8	0,84970
63,9	0,85530
64,0	0,86140
64,1	0,87250
64,2	0,88540
64,3	0,89540
64,4	0,90220
64,5	0,90730
64,6	0,91350
64,7	0,92220
64,8	0,93290
64,9	0,94220
65,0	0,94940
65,1	0,95850
65,2	0,96930
65,3	0,97780
65,4	0,98390
65,5	0,98970
65,6	0,99640
65,7	1,00560
65,8	1,01730
65,9	1,02780
66,0	1,03490
66,1	1,04180
66,2	1,04990
66,3	1,05800
66,4	1,06600
66,5	1,07520
66,6	1,08390
66,7	1,09130
66,8	1,09990
66,9	1,11020
67,0	1,11950
67,1	1,12540
67,2	1,13100
67,3	1,13940
67,4	1,14920
67,5	1,15820
67,6	1,16570
67,7	1,17140
67,8	1,17770
67,9	1,18770
68,0	1,19860
68,1	1,20580
68,2	1,21140
68,3	1,21950
68,4	1,22980
68,5	1,23880
68,6	1,24610
68,7	1,25240
68,8	1,25840
68,9	1,26760
69,0	1,27900
69,1	1,28810
69,2	1,29400
69,3	1,29960
69,4	1,30670
69,5	1,31490
69,6	1,32310
69,7	1,33080
69,8	1,33820
69,9	1,34720
70,0	1,35720
70,1	1,36570
70,2	1,37180
70,3	1,37670
70,4	1,38330
70,5	1,39230
70,6	1,40210
70,7	1,41050
70,8	1,41690
70,9	1,42270
71,0	1,43070
71,1	1,43990
71,2	1,44680
71,3	1,45300
71,4	1,45900
71,5	1,46210
71,6	1,46340
71,7	1,46460
71,8	1,46300
71,9	1,45800
72,0	1,45230
72,1	1,44800
72,2	1,44340
72,3	1,43740
72,4	1,43010
72,5	1,42170
72,6	1,41420
72,7	1,40920
72,8	1,40480
72,9	1,39810
73,0	1,38920
73,1	1,38100
73,2	1,37550
73,3	1,37160
73,4	1,36570
73,5	1,35730
73,6	1,34840
73,7	1,34060
73,8	1,33590
73,9	1,33220
74,0	1,32490
74,1	1,31540
74,2	1,30790
74,3	1,30220
74,4	1,29730
74,5	1,29290
74,6	1,28560
74,7	1,27600
74,8	1,26870
74,9	1,26400
75,0	1,25810
75,1	1,24930
75,2	1,23990
75,3	1,23210
75,4	1,22620
75,5	1,22170
75,6	1,21690
75,7	1,20860
75,8	1,19850
75,9	1,19140
76,0	1,18650
76,1	1,18030
76,2	1,17250
76,3	1,16460
76,4	1,15720
76,5	1,15130
76,6	1,14650
76,7	1,13980
76,8	1,13050
76,9	1,12260
77,0	1,11750
77,1	1,11210
77,2	1,10560
77,3	1,09840
77,4	1,08930
77,5	1,08070
77,6	1,07510
77,7	1,06980
77,8	1,06260
77,9	1,05410
78,0	1,04670
78,1	1,04090
78,2	1,03400
78,3	1,02620
78,4	1,01810
78,5	1,01000
78,6	1,00420
78,7	0,99960
78,8	0,99290
78,9	0,98410
79,0	0,97610
79,1	0,96980
79,2	0,96340
79,3	0,95610
79,4	0,94830
79,5	0,93950
79,6	0,93190
79,7	0,92640
79,8	0,92050
79,9	0,91250
80,0	0,90490
80,1	0,89830
80,2	0,89160
80,3	0,88500
80,4	0,87760
80,5	0,86840
80,6	0,85850
80,7	0,85110
80,8	0,84630
80,9	0,83990
81,0	0,83210
81,1	0,82550
81,2	0,81910
81,3	0,81200
81,4	0,80460
81,5	0,79660
81,6	0,78790
81,7	0,77980
81,8	0,77400
81,9	0,76820
82,0	0,75990
82,1	0,75170
82,2	0,74440
82,3	0,73670
82,4	0,73050
82,5	0,72430
82,6	0,71520
82,7	0,70480
82,8	0,69730
82,9	0,69250
83,0	0,68570
83,1	0,67730
83,2	0,66960
83,3	0,66170
83,4	0,65460
83,5	0,64950
83,6	0,64300
83,7	0,63260
83,8	0,62260
83,9	0,61650
84,0	0,61160
84,1	0,60420
84,2	0,59620
84,3	0,58810
84,4	0,57940
84,5	0,57340
84,6	0,56850
84,7	0,55960
84,8	0,54800
84,9	0,53970
85,0	0,53470
85,1	0,52860
85,2	0,52110
85,3	0,51350
85,4	0,50460
85,5	0,49680
85,6	0,49200
85,7	0,48620
85,8	0,47570
85,9	0,46470
86,0	0,45790
86,1	0,45290
86,2	0,44640
86,3	0,43910
86,4	0,43010
86,5	0,42050
86,6	0,41460
86,7	0,40990
86,8	0,40120
86,9	0,38950
87,0	0,38080
87,1	0,37520
87,2	0,36890
87,3	0,36240
87,4	0,35490
87,5	0,34470
87,6	0,33610
87,7	0,33200
87,8	0,32670
87,9	0,31650
88,0	0,30590
88,1	0,29890
88,2	0,29310
88,3	0,28640
88,4	0,28010
88,5	0,27120
88,6	0,25990
88,7	0,25290
88,8	0,24910
88,9	0,24160
89,0	0,23090
89,1	0,22240
89,2	0,21590
89,3	0,20910
89,4	0,20330
89,5	0,19700
89,6	0,19230
89,7	0,19250
89,8	0,19460
89,9	0,19530
90,0	0,19410
90,1	0,19490
90,2	0,19930
90,3	0,20310
90,4	0,20450
90,5	0,20740
90,6	0,21130
90,7	0,21510
90,8	0,21940
90,9	0,22150
91,0	0,22050
91,1	0,22120
91,2	0,22770
91,3	0,23500
91,4	0,23890
91,5	0,24040
91,6	0,24120
91,7	0,24260
91,8	0,24640
91,9	0,25130
92,0	0,25370
92,1	0,25490
92,2	0,25960
92,3	0,26600
92,4	0,26980
92,5	0,27150
92,6	0,27250
92,7	0,27360
92,8	0,27670
92,9	0,28230
93,0	0,28700
93,1	0,28810
93,2	0,28830
93,3	0,29140
93,4	0,29560
93,5	0,29860
93,6	0,30050
93,7	0,30220
93,8	0,30530
93,9	0,31070
94,0	0,31570
94,1	0,31680
94,2	0,31560
94,3	0,31730
94,4	0,32270
94,5	0,32830
94,6	0,33230
94,7	0,33400
94,8	0,33470
94,9	0,33800
95,0	0,34360
95,1	0,34770
95,2	0,34940
95,3	0,35040
95,4	0,35340
95,5	0,35750
95,6	0,36050
95,7	0,36180
95,8	0,36220
95,9	0,36320
96,0	0,36690
96,1	0,37290
96,2	0,37700
96,3	0,37790
96,4	0,37860
96,5	0,38180
96,6	0,38590
96,7	0,38850
96,8	0,38990
96,9	0,39100
97,0	0,39400
97,1	0,39970
97,2	0,40550
97,3	0,40680
97,4	0,40480
97,5	0,40600
97,6	0,41220
97,7	0,41940
97,8	0,42410
97,9	0,42560
98,0	0,42580
98,1	0,42780
98,2	0,43180
98,3	0,43400
98,4	0,43330
98,5	0,43390
98,6	0,43780
98,7	0,44310
98,8	0,44730
98,9	0,44890
99,0	0,44770
99,1	0,44770
99,2	0,45350
99,3	0,46080
99,4	0,46430
99,5	0,46520
99,6	0,46630
99,7	0,46850
99,8	0,47210
99,9	0,47510
100,0	0,47490
100,1	0,47410
100,2	0,47790
100,3	0,48530
100,4	0,48960
100,5	0,48940
100,6	0,48860
100,7	0,48980
100,8	0,49480
100,9	0,50100
101,0	0,50420
101,1	0,50460
101,2	0,50490
101,3	0,50820
101,4	0,51240
101,5	0,51350
101,6	0,51200
101,7	0,51260
101,8	0,51660
101,9	0,52260
102,0	0,52740
102,1	0,52750
102,2	0,52470
102,3	0,52610
102,4	0,53290
102,5	0,53870
102,6	0,53960
102,7	0,53880
102,8	0,54020
102,9	0,54400
103,0	0,54870
103,1	0,55190
103,2	0,55130
103,3	0,55050
103,4	0,55480
103,5	0,56170
103,6	0,56490
103,7	0,56400
103,8	0,56270
103,9	0,56410
104,0	0,57030
104,1	0,57760
104,2	0,57870
104,3	0,57550
104,4	0,57640
104,5	0,58240
104,6	0,58640
104,7	0,58700
104,8	0,58670
104,9	0,58740
105,0	0,59070
105,1	0,59630
105,2	0,60010
105,3	0,59850
105,4	0,59620
105,5	0,59910
105,6	0,60580
105,7	0,61000
105,8	0,61010
105,9	0,60910
106,0	0,61010
106,1	0,61480
106,2	0,62020
106,3	0,62190
106,4	0,61970
106,5	0,61990
106,6	0,62500
106,7	0,62980
106,8	0,63120
106,9	0,63050
107,0	0,62920
107,1	0,63150
107,2	0,63930
107,3	0,64570
107,4	0,64520
107,5	0,64270
107,6	0,64530
107,7	0,65140
107,8	0,65590
107,9	0,65780
108,0	0,65630
108,1	0,65490
108,2	0,65870
108,3	0,66470
108,4	0,66670
108,5	0,66490
108,6	0,66410
108,7	0,66660
108,8	0,67050
108,9	0,67270
109,0	0,67240
109,1	0,67000
109,2	0,67020
109,3	0,67580
109,4	0,68040
109,5	0,67950
109,6	0,67770
109,7	0,67960
109,8	0,68410
109,9	0,68800
110,0	0,69050
110,1	0,68970
110,2	0,68750
110,3	0,68990
110,4	0,69640
110,5	0,69970
110,6	0,69810
110,7	0,69710
110,8	0,69910
110,9	0,70260
111,0	0,70670
111,1	0,70810
111,2	0,70530
111,3	0,70490
111,4	0,71080
111,5	0,71660
111,6	0,71680
111,7	0,71460
111,8	0,71370
111,9	0,71570
112,0	0,72090
112,1	0,72550
112,2	0,72470
112,3	0,72110
112,4	0,72320
112,5	0,73070
112,6	0,73390
112,7	0,73160
112,8	0,72980
112,9	0,73140
113,0	0,73560
113,1	0,74000
113,2	0,74200
113,3	0,73960
113,4	0,73810
113,5	0,74170
113,6	0,74590
113,7	0,74700
113,8	0,74590
113,9	0,74490
114,0	0,74580
114,1	0,75030
114,2	0,75480
114,3	0,75370
114,4	0,75010
114,5	0,75110
114,6	0,75630
114,7	0,76040
114,8	0,76120
114,9	0,75960
115,0	0,75740
115,1	0,75910
115,2	0,76580
115,3	0,76900
115,4	0,76560
115,5	0,76330
115,6	0,76740
115,7	0,77350
115,8	0,77610
115,9	0,77480
116,0	0,77080
116,1	0,77040
116,2	0,77550
116,3	0,78080
116,4	0,78110
116,5	0,77770
116,6	0,77730
116,7	0,78040
116,8	0,78370
116,9	0,78510
117,0	0,78420
117,1	0,78300
117,2	0,78400
117,3	0,78910
117,4	0,79230
117,5	0,78960
117,6	0,78650
117,7	0,78800
117,8	0,79240
117,9	0,79560
118,0	0,79610
118,1	0,79340
118,2	0,79090
118,3	0,79440
118,4	0,80030
118,5	0,80060
118,6	0,79690
118,7	0,79610
118,8	0,79940
118,9	0,80430
119,0	0,80730
119,1	0,80560
119,2	0,80090
119,3	0,80080
119,4	0,80750
119,5	0,81290
119,6	0,81110
119,7	0,80700
119,8	0,80710
119,9	0,81100
120,0	0,81520
120,1	0,81660
120,2	0,81310
120,3	0,80920
120,4	0,81200
120,5	0,81760
120,6	0,81940
120,7	0,81590
120,8	0,81320
120,9	0,81540
121,0	0,81900
121,1	0,82200
121,2	0,82170
121,3	0,81740
121,4	0,81630
121,5	0,82110
121,6	0,82440
121,7	0,82380
121,8	0,82190
121,9	0,82110
122,0	0,82270
122,1	0,82640
122,2	0,82790
122,3	0,82530
122,4	0,82230
122,5	0,82350
122,6	0,82760
122,7	0,82920
122,8	0,82720
122,9	0,82480
123,0	0,82450
123,1	0,82730
123,2	0,83140
123,3	0,83100
123,4	0,82700
123,5	0,82640
123,6	0,83060
123,7	0,83420
123,8	0,83340
123,9	0,83020
124,0	0,82720
124,1	0,82740
124,2	0,83160
124,3	0,83490
124,4	0,83230
124,5	0,82840
124,6	0,82970
124,7	0,83370
124,8	0,83500
124,9	0,83300
125,0	0,83010
125,1	0,82930
125,2	0,83260
125,3	0,83740
125,4	0,83730
125,5	0,83210
125,6	0,82950
125,7	0,83230
125,8	0,83590
125,9	0,83660
126,0	0,83470
126,1	0,83200
126,2	0,83230
126,3	0,83660
126,4	0,83890
126,5	0,83510
126,6	0,83050
126,7	0,83150
126,8	0,83580
126,9	0,83840
127,0	0,83780
127,1	0,83450
127,2	0,83150
127,3	0,83300
127,4	0,83700
127,5	0,83720
127,6	0,83330
127,7	0,83140
127,8	0,83380
127,9	0,83690
128,0	0,83770
128,1	0,83520
128,2	0,83080
128,3	0,82970
128,4	0,83410
128,5	0,83780
128,6	0,83540
128,7	0,83060
128,8	0,82950
128,9	0,83150
129,0	0,83340
129,1	0,83360
129,2	0,83070
129,3	0,82740
129,4	0,82890
129,5	0,83370
129,6	0,83470
129,7	0,83050
129,8	0,82680
129,9	0,82690
130,0	0,83000
130,1	0,83310
130,2	0,83220
130,3	0,82800
130,4	0,82590
130,5	0,82860
130,6	0,83210
130,7	0,83060
130,8	0,82660
130,9	0,82470
131,0	0,82590
131,1	0,82900
131,2	0,83030
131,3	0,82740
131,4	0,82340
131,5	0,82330
131,6	0,82670
131,7	0,82810
131,8	0,82600
131,9	0,82340
132,0	0,82200
132,1	0,82240
132,2	0,82420
132,3	0,82440
132,4	0,82040
132,5	0,81740
132,6	0,81970
132,7	0,82290
132,8	0,82300
132,9	0,81930
133,0	0,81550
133,1	0,81530
133,2	0,81780
133,3	0,82000
133,4	0,81790
133,5	0,81230
133,6	0,81060
133,7	0,81400
133,8	0,81680
133,9	0,81510
134,0	0,81000
134,1	0,80640
134,2	0,80830
134,3	0,81370
134,4	0,81420
134,5	0,80770
134,6	0,80170
134,7	0,80310
134,8	0,80870
134,9	0,80970
135,0	0,80550
135,1	0,80030
135,2	0,79770
135,3	0,79960
135,4	0,80300
135,5	0,80150
135,6	0,79520
135,7	0,79240
135,8	0,79560
135,9	0,79870
136,0	0,79700
136,1	0,79220
136,2	0,78770
136,3	0,78750
136,4	0,79190
136,5	0,79420
136,6	0,79090
136,7	0,78640
136,8	0,78520
136,9	0,78700
137,0	0,78780
137,1	0,78590
137,2	0,78250
137,3	0,78010
137,4	0,78180
137,5	0,78480
137,6	0,78340
137,7	0,77660
137,8	0,77190
137,9	0,77410
138,0	0,77810
138,1	0,77970
138,2	0,77580
138,3	0,76870
138,4	0,76600
138,5	0,76990
138,6	0,77330
138,7	0,76950
138,8	0,76260
138,9	0,75990
139,0	0,76230
139,1	0,76500
139,2	0,76340
139,3	0,75730
139,4	0,75230
139,5	0,75330
139,6	0,75780
139,7	0,75880
139,8	0,75430
139,9	0,74910
140,0	0,74780
140,1	0,74980
140,2	0,75120
140,3	0,74880
140,4	0,74410
140,5	0,74190
140,6	0,74450
140,7	0,74710
140,8	0,74470
140,9	0,73760
141,0	0,73260
141,1	0,73450
141,2	0,73870
141,3	0,73920
141,4	0,73350
141,5	0,72620
141,6	0,72580
141,7	0,73150
141,8	0,73310
141,9	0,72710
142,0	0,72000
142,1	0,71770
142,2	0,72050
142,3	0,72340
142,4	0,72050
142,5	0,71300
142,6	0,70840
142,7	0,71080
142,8	0,71510
142,9	0,71400
143,0	0,70750
143,1	0,70150
143,2	0,70130
143,3	0,70530
143,4	0,70640
143,5	0,70100
143,6	0,69380
143,7	0,69250
143,8	0,69710
143,9	0,69950
144,0	0,69530
144,1	0,68750
144,2	0,68300
144,3	0,68470
144,4	0,68890
144,5	0,68840
144,6	0,68160
144,7	0,67530
144,8	0,67600
144,9	0,67990
145,0	0,67920
145,1	0,67420
145,2	0,66960
145,3	0,66780
145,4	0,66970
145,5	0,67180
145,6	0,66870
145,7	0,66090
145,8	0,65770
145,9	0,66060
146,0	0,66260
146,1	0,66070
146,2	0,65500
146,3	0,64980
146,4	0,65000
146,5	0,65430
146,6	0,65390
146,7	0,64610
146,8	0,63950
146,9	0,63930
147,0	0,64180
147,1	0,64190
147,2	0,63810
147,3	0,63270
147,4	0,62910
147,5	0,62960
147,6	0,63150
147,7	0,62940
147,8	0,62380
147,9	0,62080
148,0	0,62210
148,1	0,62350
148,2	0,62180
148,3	0,61620
148,4	0,61040
148,5	0,60850
148,6	0,61120
148,7	0,61250
148,8	0,60780
148,9	0,60120
149,0	0,59830
149,1	0,59910
149,2	0,59980
149,3	0,59710
149,4	0,59220
149,5	0,58920
149,6	0,58950
149,7	0,59150
149,8	0,59040
149,9	0,58390
150,0	0,57680
150,1	0,57640
150,2	0,58020
150,3	0,58060
150,4	0,57560
150,5	0,56850
150,6	0,56480
150,7	0,56560
150,8	0,56690
150,9	0,56360
151,0	0,55680
151,1	0,55240
151,2	0,55380
151,3	0,55670
151,4	0,55450
151,5	0,54760
151,6	0,54120
151,7	0,54010
151,8	0,54290
151,9	0,54390
152,0	0,53870
152,1	0,53140
152,2	0,52920
152,3	0,53170
152,4	0,53260
152,5	0,52860
152,6	0,52190
152,7	0,51770
152,8	0,51880
152,9	0,52170
153,0	0,52020
153,1	0,51370
153,2	0,50860
153,3	0,50780
153,4	0,50900
153,5	0,50900
153,6	0,50470
153,7	0,49790
153,8	0,49450
153,9	0,49710
154,0	0,49860
154,1	0,49310
154,2	0,48510
154,3	0,48100
154,4	0,48240
154,5	0,48490
154,6	0,48330
154,7	0,47750
154,8	0,47180
154,9	0,46980
155,0	0,47100
155,1	0,47140
155,2	0,46700
155,3	0,46000
155,4	0,45630
155,5	0,45800
155,6	0,45940
155,7	0,45480
155,8	0,44670
155,9	0,44160
156,0	0,44280
156,1	0,44580
156,2	0,44380
156,3	0,43760
156,4	0,43200
156,5	0,42980
156,6	0,43090
156,7	0,43200
156,8	0,42800
156,9	0,42020
157,0	0,41670
157,1	0,41960
157,2	0,42050
157,3	0,41490
157,4	0,40670
157,5	0,40160
157,6	0,40250
157,7	0,40570
157,8	0,40430
157,9	0,39630
158,0	0,38800
158,1	0,38690
158,2	0,39010
158,3	0,38980
158,4	0,38490
158,5	0,37850
158,6	0,37420
158,7	0,37510
158,8	0,37680
158,9	0,37220
159,0	0,36380
159,1	0,35990
159,2	0,36190
159,3	0,36400
159,4	0,36150
159,5	0,35580
159,6	0,34840
159,7	0,34550
159,8	0,34900
159,9	0,35040
160,0	0,34440
160,1	0,33660
160,2	0,33430
160,3	0,33460
160,4	0,33310
160,5	0,32950
160,6	0,32360
160,7	0,31820
160,8	0,31920
160,9	0,32300
161,0	0,31980
161,1	0,31130
161,2	0,30580
161,3	0,30450
161,4	0,30490
161,5	0,30420
161,6	0,30030
161,7	0,29420
161,8	0,29050
161,9	0,29200
162,0	0,29190
162,1	0,28610
162,2	0,28030
162,3	0,27790
162,4	0,27750
162,5	0,27760
162,6	0,27650
162,7	0,27040
162,8	0,26280
162,9	0,26240
163,0	0,26530
163,1	0,26240
163,2	0,25570
163,3	0,25080
163,4	0,24890
163,5	0,24790
163,6	0,24600
163,7	0,24130
163,8	0,23460
163,9	0,23130
164,0	0,23270
164,1	0,23300
164,2	0,22880
164,3	0,22310
164,4	0,21860
164,5	0,21580
164,6	0,21520
164,7	0,21420
164,8	0,20950
164,9	0,20400
165,0	0,20280
165,1	0,20310
165,2	0,20100
165,3	0,19730
165,4	0,19270
165,5	0,18860
165,6	0,18850
165,7	0,19050
165,8	0,18870
165,9	0,18600
166,0	0,18790
166,1	0,19140
166,2	0,19440
166,3	0,19750
166,4	0,20140
166,5	0,20580
166,6	0,21080
166,7	0,21730
166,8	0,22430
166,9	0,22880
167,0	0,23170
167,1	0,23620
167,2	0,24220
167,3	0,24760
167,4	0,25310
167,5	0,26010
167,6	0,26600
167,7	0,27050
167,8	0,27550
167,9	0,28000
168,0	0,28240
168,1	0,28540
168,2	0,29140
168,3	0,29810
168,4	0,30340
168,5	0,30800
168,6	0,31220
168,7	0,31670
168,8	0,32240
168,9	0,32850
169,0	0,33340
169,1	0,33780
169,2	0,34350
169,3	0,35010
169,4	0,35520
169,5	0,35840
169,6	0,36190
169,7	0,36650
169,8	0,37200
169,9	0,37880
170,0	0,38450
170,1	0,38800
170,2	0,39190
170,3	0,39790
170,4	0,40380
170,5	0,40780
170,6	0,41280
170,7	0,41930
170,8	0,42420
170,9	0,42920
171,0	0,43460
171,1	0,43790
171,2	0,44040
171,3	0,44550
171,4	0,45300
171,5	0,45960
171,6	0,46430
171,7	0,46770
171,8	0,47080
171,9	0,47490
172,0	0,48080
172,1	0,48650
172,2	0,49030
172,3	0,49480
172,4	0,50060
172,5	0,50560
172,6	0,51040
172,7	0,51460
172,8	0,51760
172,9	0,52090
173,0	0,52680
173,1	0,53390
173,2	0,53840
173,3	0,54120
173,4	0,54530
173,5	0,55040
173,6	0,55620
173,7	0,56190
173,8	0,56590
173,9	0,56860
174,0	0,57360
174,1	0,58060
174,2	0,58650
174,3	0,58970
174,4	0,59210
174,5	0,59650
174,6	0,60210
174,7	0,60850
174,8	0,61510
174,9	0,61940
175,0	0,62180
175,1	0,62610
175,2	0,63260
175,3	0,63680
175,4	0,63850
175,5	0,64140
175,6	0,64760
175,7	0,65480
175,8	0,65970
175,9	0,66290
176,0	0,66500
176,1	0,66800
176,2	0,67430
176,3	0,68060
176,4	0,68350
176,5	0,68590
176,6	0,69080
176,7	0,69640
176,8	0,70180
176,9	0,70740
177,0	0,71110
177,1	0,71260
177,2	0,71650
177,3	0,72450
177,4	0,73190
177,5	0,73610
177,6	0,73900
177,7	0,74170
177,8	0,74530
177,9	0,75070
178,0	0,75550
178,1	0,75740
178,2	0,75900
178,3	0,76520
178,4	0,77310
178,5	0,77790
178,6	0,78020
178,7	0,78190
178,8	0,78530
178,9	0,79110
179,0	0,79710
179,1	0,80040
179,2	0,80150
179,3	0,80570
179,4	0,81300
179,5	0,81820
179,6	0,82070
179,7	0,82180
179,8	0,82470
179,9	0,83040
180,0	0,83770
180,1	0,84310
180,2	0,84450
180,3	0,84520
180,4	0,85000
180,5	0,85780
180,6	0,86320
180,7	0,86550
180,8	0,86720
180,9	0,87100
181,0	0,87790
181,1	0,88560
181,2	0,88920
181,3	0,88930
181,4	0,89140
181,5	0,89720
181,6	0,90330
181,7	0,90650
181,8	0,90760
181,9	0,90940
182,0	0,91400
182,1	0,92020
182,2	0,92480
182,3	0,92680
182,4	0,92790
182,5	0,93170
182,6	0,93910
182,7	0,94500
182,8	0,94710
182,9	0,94780
183,0	0,95060
183,1	0,95760
183,2	0,96580
183,3	0,97050
183,4	0,97130
183,5	0,97230
183,6	0,97640
183,7	0,98160
183,8	0,98480
183,9	0,98610
184,0	0,98760
184,1	0,99130
184,2	0,99680
184,3	1,00170
184,4	1,00410
184,5	1,00460
184,6	1,00680
184,7	1,01310
184,8	1,01960
184,9	1,02260
185,0	1,02410
185,1	1,02580
185,2	1,02930
185,3	1,03570
185,4	1,04180
185,5	1,04320
185,6	1,04330
185,7	1,04720
185,8	1,05380
185,9	1,05870
186,0	1,06020
186,1	1,06050
186,2	1,06230
186,3	1,06740
186,4	1,07470
186,5	1,07820
186,6	1,07740
186,7	1,07890
186,8	1,08470
186,9	1,09020
187,0	1,09290
187,1	1,09420
187,2	1,09540
187,3	1,09880
187,4	1,10480
187,5	1,11000
187,6	1,11100
187,7	1,11000
187,8	1,11350
187,9	1,12110
188,0	1,12730
188,1	1,13020
188,2	1,13090
188,3	1,13160
188,4	1,13460
188,5	1,13930
188,6	1,14220
188,7	1,14200
188,8	1,14240
188,9	1,14670
189,0	1,15290
189,1	1,15700
189,2	1,15730
189,3	1,15700
189,4	1,15980
189,5	1,16560
189,6	1,17120
189,7	1,17360
189,8	1,17340
189,9	1,17510
190,0	1,17970
190,1	1,18480
190,2	1,18790
190,3	1,18840
190,4	1,18880
190,5	1,19340
190,6	1,20080
190,7	1,20540
190,8	1,20560
190,9	1,20560
191,0	1,20790
191,1	1,21200
191,2	1,21600
191,3	1,21770
191,4	1,21700
191,5	1,21750
191,6	1,22190
191,7	1,22680
191,8	1,22850
191,9	1,22830
192,0	1,23000
192,1	1,23440
192,2	1,23980
192,3	1,24350
192,4	1,24360
192,5	1,24230
192,6	1,24460
192,7	1,25070
192,8	1,25550
192,9	1,25610
193,0	1,25610
193,1	1,25830
193,2	1,26220
193,3	1,26610
193,4	1,26840
193,5	1,26860
193,6	1,26940
193,7	1,27480
193,8	1,28160
193,9	1,28370
194,0	1,28300
194,1	1,28410
194,2	1,28670
194,3	1,28950
194,4	1,29200
194,5	1,29260
194,6	1,29210
194,7	1,29400
194,8	1,29870
194,9	1,30190
195,0	1,30220
195,1	1,30250
195,2	1,30440
195,3	1,30740
195,4	1,31140
195,5	1,31400
195,6	1,31320
195,7	1,31290
195,8	1,31650
195,9	1,32080
196,0	1,32290
196,1	1,32350
196,2	1,32450
196,3	1,32590
196,4	1,32900
196,5	1,33320
196,6	1,33400
196,7	1,33260
196,8	1,33400
196,9	1,33850
197,0	1,34260
197,1	1,34370
197,2	1,34300
197,3	1,34290
197,4	1,34510
197,5	1,35010
197,6	1,35330
197,7	1,35230
197,8	1,35150
197,9	1,35470
198,0	1,36010
198,1	1,36350
198,2	1,36460
198,3	1,36450
198,4	1,36500
198,5	1,36720
198,6	1,37010
198,7	1,37120
198,8	1,37040
198,9	1,37060
199,0	1,37280
199,1	1,37520
199,2	1,37660
199,3	1,37700
199,4	1,37650
199,5	1,37730
199,6	1,38090
199,7	1,38370
199,8	1,38290
199,9	1,38180
200,0	1,38340
200,1	1,38660
200,2	1,38910
200,3	1,39010
200,4	1,38950
200,5	1,38920
200,6	1,39300
200,7	1,39900
200,8	1,40050
200,9	1,39840
201,0	1,39870
201,1	1,40170
201,2	1,40420
201,3	1,40590
201,4	1,40640
201,5	1,40590
201,6	1,40630
201,7	1,40900
201,8	1,41040
201,9	1,40980
202,0	1,40910
202,1	1,40940
202,2	1,41150
202,3	1,41380
202,4	1,41520
202,5	1,41390
202,6	1,41230
202,7	1,41440
202,8	1,41790
202,9	1,41860
203,0	1,41760
203,1	1,41730
203,2	1,41820
203,3	1,42070
203,4	1,42370
203,5	1,42390
203,6	1,42150
203,7	1,42130
203,8	1,42440
203,9	1,42680
204,0	1,42700
204,1	1,42650
204,2	1,42660
204,3	1,42760
204,4	1,43050
204,5	1,43250
204,6	1,43110
204,7	1,42930
204,8	1,43150
204,9	1,43620
205,0	1,43730
205,1	1,43570
205,2	1,43440
205,3	1,43350
205,4	1,43560
205,5	1,43990
205,6	1,44040
205,7	1,43730
205,8	1,43700
205,9	1,44030
206,0	1,44270
206,1	1,44340
206,2	1,44320
206,3	1,44190
206,4	1,44160
206,5	1,44350
206,6	1,44520
206,7	1,44330
206,8	1,44050
206,9	1,44170
207,0	1,44410
207,1	1,44500
207,2	1,44540
207,3	1,44580
207,4	1,44450
207,5	1,44400
207,6	1,44540
207,7	1,44580
207,8	1,44410
207,9	1,44310
208,0	1,44440
208,1	1,44550
208,2	1,44600
208,3	1,44630
208,4	1,44550
208,5	1,44490
208,6	1,44570
208,7	1,44660
208,8	1,44660
208,9	1,44600
209,0	1,44610
209,1	1,44660
209,2	1,44640
209,3	1,44630
209,4	1,44630
209,5	1,44510
209,6	1,44470
209,7	1,44610
209,8	1,44670
209,9	1,44600
210,0	1,44540
210,1	1,44570
210,2	1,44590
210,3	1,44630
210,4	1,44660
210,5	1,44590
210,6	1,44510
210,7	1,44560
210,8	1,44630
210,9	1,44510
211,0	1,44290
211,1	1,44270
211,2	1,44370
211,3	1,44440
211,4	1,44500
211,5	1,44450
211,6	1,44180
211,7	1,44040
211,8	1,44200
211,9	1,44180
212,0	1,43880
212,1	1,43760
212,2	1,43840
212,3	1,43840
212,4	1,43790
212,5	1,43730
212,6	1,43480
212,7	1,43210
212,8	1,43260
212,9	1,43430
213,0	1,43340
213,1	1,43150
213,2	1,43020
213,3	1,42890
213,4	1,42820
213,5	1,42810
213,6	1,42770
213,7	1,42650
213,8	1,42580
213,9	1,42620
214,0	1,42580
214,1	1,42390
214,2	1,42240
214,3	1,42150
214,4	1,42080
214,5	1,42090
214,6	1,42110
214,7	1,42000
214,8	1,41830
214,9	1,41790
215,0	1,41760
215,1	1,41630
215,2	1,41530
215,3	1,41510
215,4	1,41430
215,5	1,41300
215,6	1,41220
215,7	1,41110
215,8	1,40990
215,9	1,40920
216,0	1,40860
216,1	1,40820
216,2	1,40770
216,3	1,40740
216,4	1,40710
216,5	1,40550
216,6	1,40410
216,7	1,40390
216,8	1,40270
216,9	1,40160
217,0	1,40140
217,1	1,39930
217,2	1,39560
217,3	1,39340
217,4	1,39240
217,5	1,39080
217,6	1,38910
217,7	1,38860
217,8	1,38830
217,9	1,38770
218,0	1,38680
218,1	1,38520
218,2	1,38270
218,3	1,38030
218,4	1,37930
218,5	1,37870
218,6	1,37720
218,7	1,37620
218,8	1,37570
218,9	1,37410
219,0	1,37230
219,1	1,37100
219,2	1,37000
219,3	1,36920
219,4	1,36880
219,5	1,36860
219,6	1,36690
219,7	1,36470
219,8	1,36330
219,9	1,36070
220,0	1,35770
220,1	1,35620
220,2	1,35480
220,3	1,35240
220,4	1,35070
220,5	1,34980
220,6	1,34760
220,7	1,34460
220,8	1,34280
220,9	1,34140
221,0	1,34020
221,1	1,33950
221,2	1,33820
221,3	1,33550
221,4	1,33290
221,5	1,33130
221,6	1,33020
221,7	1,32890
221,8	1,32680
221,9	1,32450
222,0	1,32240
222,1	1,32070
222,2	1,31920
222,3	1,31660
222,4	1,31370
222,5	1,31210
222,6	1,31120
222,7	1,31050
222,8	1,30870
222,9	1,30570
223,0	1,30270
223,1	1,30090
223,2	1,30050
223,3	1,29960
223,4	1,29670
223,5	1,29390
223,6	1,29250
223,7	1,29170
223,8	1,29090
223,9	1,28950
224,0	1,28670
224,1	1,28330
224,2	1,28210
224,3	1,28120
224,4	1,27800
224,5	1,27360
224,6	1,26990
224,7	1,26780
224,8	1,26640
224,9	1,26470
225,0	1,26210
225,1	1,25890
225,2	1,25620
225,3	1,25440
225,4	1,25280
225,5	1,24980
225,6	1,24660
225,7	1,24420
225,8	1,24180
225,9	1,24010
226,0	1,23810
226,1	1,23450
226,2	1,23110
226,3	1,22920
226,4	1,22780
226,5	1,22570
226,6	1,22350
226,7	1,22080
226,8	1,21770
226,9	1,21530
227,0	1,21400
227,1	1,21290
227,2	1,21050
227,3	1,20780
227,4	1,20530
227,5	1,20180
227,6	1,19820
227,7	1,19510
227,8	1,19200
227,9	1,18860
228,0	1,18640
228,1	1,18510
228,2	1,18260
228,3	1,17910
228,4	1,17600
228,5	1,17370
228,6	1,17110
228,7	1,16810
228,8	1,16530
228,9	1,16220
229,0	1,15910
229,1	1,15700
229,2	1,15470
229,3	1,15130
229,4	1,14770
229,5	1,14540
229,6	1,14370
229,7	1,14110
229,8	1,13840
229,9	1,13610
230,0	1,13390
230,1	1,13210
230,2	1,13030
230,3	1,12640
230,4	1,12140
230,5	1,11780
230,6	1,11540
230,7	1,11280
230,8	1,10940
230,9	1,10590
231,0	1,10210
231,1	1,09870
231,2	1,09680
231,3	1,09540
231,4	1,09230
231,5	1,08810
231,6	1,08460
231,7	1,08120
231,8	1,07820
231,9	1,07500
232,0	1,07140
232,1	1,06800
232,2	1,06580
232,3	1,06350
232,4	1,06040
232,5	1,05800
232,6	1,05550
232,7	1,05200
232,8	1,04850
232,9	1,04530
233,0	1,04100
233,1	1,03570
233,2	1,03160
233,3	1,02940
233,4	1,02720
233,5	1,02370
233,6	1,01990
233,7	1,01660
233,8	1,01310
233,9	1,01020
234,0	1,00720
234,1	1,00320
234,2	0,99890
234,3	0,99540
234,4	0,99290
234,5	0,99010
234,6	0,98700
234,7	0,98390
234,8	0,98090
234,9	0,97850
235,0	0,97680
235,1	0,97310
235,2	0,96740
235,3	0,96310
235,4	0,96020
235,5	0,95680
235,6	0,95340
235,7	0,94970
235,8	0,94470
235,9	0,94020
236,0	0,93690
236,1	0,93420
236,2	0,93080
236,3	0,92650
236,4	0,92290
236,5	0,91920
236,6	0,91500
236,7	0,91200
236,8	0,90940
236,9	0,90570
237,0	0,90260
237,1	0,90120
237,2	0,89800
237,3	0,89210
237,4	0,88720
237,5	0,88380
237,6	0,88010
237,7	0,87640
237,8	0,87350
237,9	0,86970
238,0	0,86500
238,1	0,86200
238,2	0,85870
238,3	0,85400
238,4	0,84940
238,5	0,84580
238,6	0,84250
238,7	0,83880
238,8	0,83520
238,9	0,83090
239,0	0,82650
239,1	0,82360
239,2	0,82210
239,3	0,81910
239,4	0,81370
239,5	0,80840
239,6	0,80380
239,7	0,79920
239,8	0,79590
239,9	0,79250
240,0	0,78800
240,1	0,78470
240,2	0,78290
240,3	0,78100
240,4	0,77630
240,5	0,76970
240,6	0,76350
240,7	0,75860
240,8	0,75580
240,9	0,75410
241,0	0,75070
241,1	0,74590
241,2	0,74190
241,3	0,73930
241,4	0,73610
241,5	0,73080
241,6	0,72450
241,7	0,71860
241,8	0,71540
241,9	0,71450
242,0	0,71110
242,1	0,70360
242,2	0,69670
242,3	0,69350
242,4	0,69180
242,5	0,68910
242,6	0,68530
242,7	0,67980
242,8	0,67370
242,9	0,67040
243,0	0,66860
243,1	0,66470
243,2	0,65790
243,3	0,65240
243,4	0,65020
243,5	0,64840
243,6	0,64450
243,7	0,63820
243,8	0,63220
243,9	0,62850
244,0	0,62730
244,1	0,62560
244,2	0,61970
244,3	0,61200
244,4	0,60690
244,5	0,60360
244,6	0,59970
244,7	0,59520
244,8	0,59080
244,9	0,58700
245,0	0,58510
245,1	0,58430
245,2	0,57910
245,3	0,57020
245,4	0,56330
245,5	0,55960
245,6	0,55670
245,7	0,55300
245,8	0,54840
245,9	0,54290
246,0	0,53770
246,1	0,53410
246,2	0,53100
246,3	0,52560
246,4	0,51890
246,5	0,51480
246,6	0,51290
246,7	0,51120
246,8	0,50820
246,9	0,50210
247,0	0,49450
247,1	0,48910
247,2	0,48670
247,3	0,48390
247,4	0,47880
247,5	0,47420
247,6	0,47130
247,7	0,46810
247,8	0,46260
247,9	0,45620
248,0	0,45010
248,1	0,44500
248,2	0,44230
248,3	0,44040
248,4	0,43680
248,5	0,43070
248,6	0,42380
248,7	0,41870
248,8	0,41530
248,9	0,41170
249,0	0,40740
249,1	0,40200
249,2	0,39690
249,3	0,39370
249,4	0,38980
249,5	0,38320
249,6	0,37710
249,7	0,37390
249,8	0,37120
249,9	0,36730
250,0	0,36290
250,1	0,35780
250,2	0,35170
250,3	0,34770
250,4	0,34660
250,5	0,34270
250,6	0,33560
250,7	0,32950
250,8	0,32480
250,9	0,32020
251,0	0,31560
251,1	0,31070
251,2	0,30440
251,3	0,29900
251,4	0,29740
251,5	0,29560
251,6	0,28980
251,7	0,28310
251,8	0,27840
251,9	0,27540
252,0	0,27310
252,1	0,26990
252,2	0,26390
252,3	0,25660
252,4	0,25120
252,5	0,24820
252,6	0,24360
252,7	0,23640
252,8	0,23070
252,9	0,22680
253,0	0,22380
253,1	0,22140
253,2	0,21690
253,3	0,20970
253,4	0,20300
253,5	0,19940
253,6	0,19760
253,7	0,19450
253,8	0,18990
253,9	0,18890
254,0	0,19060
254,1	0,19080
254,2	0,19000
254,3	0,18950
254,4	0,19040
254,5	0,19300
254,6	0,19630
254,7	0,19820
254,8	0,19830
254,9	0,19930
255,0	0,20160
255,1	0,20370
255,2	0,20520
255,3	0,20620
255,4	0,20800
255,5	0,21180
255,6	0,21680
255,7	0,21990
255,8	0,21920
255,9	0,21810
256,0	0,21980
256,1	0,22370
256,2	0,22780
256,3	0,23070
256,4	0,23140
256,5	0,23170
256,6	0,23460
256,7	0,23830
256,8	0,23960
256,9	0,23910
257,0	0,24060
257,1	0,24460
257,2	0,24860
257,3	0,25090
257,4	0,25140
257,5	0,25110
257,6	0,25230
257,7	0,25690
257,8	0,26250
257,9	0,26440
258,0	0,26420
258,1	0,26620
258,2	0,26950
258,3	0,27150
258,4	0,27270
258,5	0,27330
258,6	0,27350
258,7	0,27580
258,8	0,28020
258,9	0,28280
259,0	0,28220
259,1	0,28150
259,2	0,28360
259,3	0,28750
259,4	0,29060
259,5	0,29220
259,6	0,29240
259,7	0,29270
259,8	0,29520
259,9	0,29880
260,0	0,30040
260,1	0,30040
260,2	0,30120
260,3	0,30420
260,4	0,30810
260,5	0,31070
260,6	0,31070
260,7	0,30950
260,8	0,31100
260,9	0,31550
261,0	0,31960
261,1	0,32050
261,2	0,31990
261,3	0,32130
261,4	0,32500
261,5	0,32870
261,6	0,33070
261,7	0,33010
261,8	0,32960
261,9	0,33400
262,0	0,34090
262,1	0,34330
262,2	0,34040
262,3	0,33870
262,4	0,34180
262,5	0,34650
262,6	0,34980
262,7	0,35110
262,8	0,35080
262,9	0,35140
263,0	0,35460
263,1	0,35730
263,2	0,35670
263,3	0,35510
263,4	0,35630
263,5	0,36040
263,6	0,36500
263,7	0,36700
263,8	0,36520
263,9	0,36350
264,0	0,36660
264,1	0,37200
264,2	0,37470
264,3	0,37370
264,4	0,37250
264,5	0,37420
264,6	0,37870
264,7	0,38240
264,8	0,38220
264,9	0,37980
265,0	0,38000
265,1	0,38480
265,2	0,39000
265,3	0,39120
265,4	0,38890
265,5	0,38770
265,6	0,39060
265,7	0,39590
265,8	0,39900
265,9	0,39770
266,0	0,39570
266,1	0,39780
266,2	0,40300
266,3	0,40670
266,4	0,40630
266,5	0,40400
266,6	0,40430
266,7	0,41030
266,8	0,41690
266,9	0,41710
267,0	0,41330
267,1	0,41220
267,2	0,41700
267,3	0,42300
267,4	0,42580
267,5	0,42400
267,6	0,42090
267,7	0,42280
267,8	0,42800
267,9	0,43090
268,0	0,43020
268,1	0,42890
268,2	0,42960
268,3	0,43300
268,4	0,43640
268,5	0,43640
268,6	0,43420
268,7	0,43340
268,8	0,43650
268,9	0,44160
269,0	0,44350
269,1	0,44160
269,2	0,44010
269,3	0,44200
269,4	0,44660
269,5	0,44960
269,6	0,44880
269,7	0,44660
269,8	0,44720
269,9	0,45270
270,0	0,45870
270,1	0,45870
270,2	0,45490
270,3	0,45410
270,4	0,45820
270,5	0,46340
270,6	0,46600
270,7	0,46470
270,8	0,46240
270,9	0,46350
271,0	0,46730
271,1	0,47020
271,2	0,47050
271,3	0,46940
271,4	0,46980
271,5	0,47290
271,6	0,47600
271,7	0,47580
271,8	0,47350
271,9	0,47260
272,0	0,47580
272,1	0,48090
272,2	0,48270
272,3	0,48010
272,4	0,47770
272,5	0,47960
272,6	0,48400
272,7	0,48660
272,8	0,48580
272,9	0,48430
273,0	0,48520
273,1	0,48970
273,2	0,49420
273,3	0,49360
273,4	0,49000
273,5	0,48900
273,6	0,49290
273,7	0,49870
273,8	0,50110
273,9	0,49850
274,0	0,49550
274,1	0,49700
274,2	0,50140
274,3	0,50450
274,4	0,50400
274,5	0,50220
274,6	0,50300
274,7	0,50570
274,8	0,50790
274,9	0,50840
275,0	0,50730
275,1	0,50660
275,2	0,50840
275,3	0,51180
275,4	0,51300
275,5	0,51160
275,6	0,51020
275,7	0,51050
275,8	0,51350
275,9	0,51610
276,0	0,51500
276,1	0,51240
276,2	0,51300
276,3	0,51710
276,4	0,52020
276,5	0,51930
276,6	0,51700
276,7	0,51650
276,8	0,51930
276,9	0,52320
277,0	0,52470
277,1	0,52260
277,2	0,52060
277,3	0,52230
277,4	0,52610
277,5	0,52800
277,6	0,52700
277,7	0,52520
277,8	0,52530
277,9	0,52850
278,0	0,53190
278,1	0,53190
278,2	0,52890
278,3	0,52780
278,4	0,53070
278,5	0,53440
278,6	0,53500
278,7	0,53290
278,8	0,53160
278,9	0,53310
279,0	0,53620
279,1	0,53800
279,2	0,53600
279,3	0,53380
279,4	0,53550
279,5	0,53930
279,6	0,54080
279,7	0,53980
279,8	0,53820
279,9	0,53790
280,0	0,54050
280,1	0,54350
280,2	0,54330
280,3	0,54050
280,4	0,53970
280,5	0,54240
280,6	0,54530
280,7	0,54550
280,8	0,54370
280,9	0,54240
281,0	0,54340
281,1	0,54630
281,2	0,54830
281,3	0,54700
281,4	0,54470
281,5	0,54510
281,6	0,54780
281,7	0,54980
281,8	0,54930
281,9	0,54800
282,0	0,54760
282,1	0,54910
282,2	0,55170
282,3	0,55220
282,4	0,55020
282,5	0,54880
282,6	0,55030
282,7	0,55300
282,8	0,55400
282,9	0,55260
283,0	0,55080
283,1	0,55080
283,2	0,55320
283,3	0,55570
283,4	0,55530
283,5	0,55280
283,6	0,55220
283,7	0,55440
283,8	0,55690
283,9	0,55700
284,0	0,55520
284,1	0,55410
284,2	0,55560
284,3	0,55800
284,4	0,55910
284,5	0,55690
284,6	0,55380
284,7	0,55460
284,8	0,55800
284,9	0,55920
285,0	0,55760
285,1	0,55600
285,2	0,55570
285,3	0,55770
285,4	0,56030
285,5	0,56010
285,6	0,55730
285,7	0,55580
285,8	0,55810
285,9	0,56110
286,0	0,56110
286,1	0,55890
286,2	0,55710
286,3	0,55720
286,4	0,55950
286,5	0,56130
286,6	0,55910
286,7	0,55630
286,8	0,55720
286,9	0,56000
287,0	0,56100
287,1	0,55990
287,2	0,55800
287,3	0,55680
287,4	0,55790
287,5	0,56080
287,6	0,56130
287,7	0,55830
287,8	0,55680
287,9	0,55830
288,0	0,56050
288,1	0,56050
288,2	0,55890
288,3	0,55760
288,4	0,55730
288,5	0,55930
288,6	0,56120
288,7	0,56010
288,8	0,55710
288,9	0,55590
289,0	0,55770
289,1	0,55920
289,2	0,55890
289,3	0,55750
289,4	0,55600
289,5	0,55570
289,6	0,55670
289,7	0,55750
289,8	0,55620
289,9	0,55410
290,0	0,55440
290,1	0,55630
290,2	0,55680
290,3	0,55570
290,4	0,55340
290,5	0,55210
290,6	0,55340
290,7	0,55580
290,8	0,55580
290,9	0,55280
291,0	0,55030
291,1	0,55070
291,2	0,55260
291,3	0,55350
291,4	0,55230
291,5	0,55010
291,6	0,54930
291,7	0,55080
291,8	0,55150
291,9	0,54940
292,0	0,54690
292,1	0,54650
292,2	0,54820
292,3	0,55020
292,4	0,55040
292,5	0,54810
292,6	0,54510
292,7	0,54440
292,8	0,54600
292,9	0,54690
293,0	0,54540
293,1	0,54360
293,2	0,54410
293,3	0,54510
293,4	0,54500
293,5	0,54280
293,6	0,53950
293,7	0,53830
293,8	0,54090
293,9	0,54380
294,0	0,54270
294,1	0,53930
294,2	0,53770
294,3	0,53770
294,4	0,53830
294,5	0,53850
294,6	0,53720
294,7	0,53520
294,8	0,53540
294,9	0,53710
295,0	0,53670
295,1	0,53370
295,2	0,53090
295,3	0,53050
295,4	0,53180
295,5	0,53380
295,6	0,53380
295,7	0,53050
295,8	0,52740
295,9	0,52780
296,0	0,52910
296,1	0,52850
296,2	0,52650
296,3	0,52580
296,4	0,52630
296,5	0,52670
296,6	0,52650
296,7	0,52430
296,8	0,52080
296,9	0,52010
297,0	0,52260
297,1	0,52430
297,2	0,52310
297,3	0,52070
297,4	0,51900
297,5	0,51820
297,6	0,51810
297,7	0,51760
297,8	0,51580
297,9	0,51400
298,0	0,51430
298,1	0,51550
298,2	0,51450
298,3	0,51230
298,4	0,51050
298,5	0,50960
298,6	0,50980
298,7	0,51010
298,8	0,50980
298,9	0,50870
299,0	0,50760
299,1	0,50760
299,2	0,50790
299,3	0,50760
299,4	0,50660
299,5	0,50530
299,6	0,50450
299,7	0,50520
299,8	0,50570
299,9	0,50230
300,0	0,49700
300,1	0,49540
300,2	0,49660
300,3	0,49670
300,4	0,49540
300,5	0,49360
300,6	0,49110
300,7	0,48970
300,8	0,49040
300,9	0,49030
301,0	0,48730
301,1	0,48470
301,2	0,48520
301,3	0,48620
301,4	0,48540
301,5	0,48390
301,6	0,48110
301,7	0,47790
301,8	0,47810
301,9	0,48010
302,0	0,47920
302,1	0,47570
302,2	0,47410
302,3	0,47420
302,4	0,47330
302,5	0,47190
302,6	0,47080
302,7	0,47000
302,8	0,46960
302,9	0,47070
303,0	0,47110
303,1	0,46840
303,2	0,46610
303,3	0,46630
303,4	0,46690
303,5	0,46660
303,6	0,46620
303,7	0,46340
303,8	0,45930
303,9	0,45860
304,0	0,45930
304,1	0,45660
304,2	0,45240
304,3	0,45100
304,4	0,45160
304,5	0,45150
304,6	0,45080
304,7	0,44880
304,8	0,44550
304,9	0,44310
305,0	0,44340
305,1	0,44380
305,2	0,44210
305,3	0,44060
305,4	0,44000
305,5	0,43860
305,6	0,43650
305,7	0,43480
305,8	0,43320
305,9	0,43190
306,0	0,43170
306,1	0,43170
306,2	0,43090
306,3	0,42950
306,4	0,42840
306,5	0,42760
306,6	0,42730
306,7	0,42760
306,8	0,42660
306,9	0,42330
307,0	0,41990
307,1	0,41820
307,2	0,41640
307,3	0,41390
307,4	0,41230
307,5	0,41110
307,6	0,41000
307,7	0,40960
307,8	0,40910
307,9	0,40660
308,0	0,40280
308,1	0,40090
308,2	0,40050
308,3	0,40010
308,4	0,39940
308,5	0,39770
308,6	0,39510
308,7	0,39310
308,8	0,39210
308,9	0,39130
309,0	0,38920
309,1	0,38670
309,2	0,38640
309,3	0,38670
309,4	0,38540
309,5	0,38310
309,6	0,37990
309,7	0,37670
309,8	0,37620
309,9	0,37740
310,0	0,37670
310,1	0,37350
310,2	0,37040
310,3	0,36870
310,4	0,36770
310,5	0,36650
310,6	0,36460
310,7	0,36260
310,8	0,36150
310,9	0,36220
311,0	0,36250
311,1	0,35950
311,2	0,35560
311,3	0,35390
311,4	0,35370
311,5	0,35350
311,6	0,35290
311,7	0,35160
311,8	0,34880
311,9	0,34750
312,0	0,34890
312,1	0,34800
312,2	0,34280
312,3	0,33860
312,4	0,33870
312,5	0,33950
312,6	0,33780
312,7	0,33400
312,8	0,32930
312,9	0,32570
313,0	0,32580
313,1	0,32770
313,2	0,32630
313,3	0,32190
313,4	0,31920
313,5	0,31880
313,6	0,31770
313,7	0,31550
313,8	0,31280
313,9	0,30990
314,0	0,30930
314,1	0,31100
314,2	0,31030
314,3	0,30560
314,4	0,30080
314,5	0,29940
314,6	0,29960
314,7	0,29990
314,8	0,29910
314,9	0,29540
315,0	0,29150
315,1	0,29130
315,2	0,29200
315,3	0,28900
315,4	0,28440
315,5	0,28240
315,6	0,28290
315,7	0,28330
315,8	0,28250
315,9	0,27970
316,0	0,27650
316,1	0,27480
316,2	0,27440
316,3	0,27420
316,4	0,27240
316,5	0,26920
316,6	0,26700
316,7	0,26630
316,8	0,26590
316,9	0,26340
317,0	0,25780
317,1	0,25320
317,2	0,25360
317,3	0,25560
317,4	0,25390
317,5	0,24920
317,6	0,24520
317,7	0,24290
317,8	0,24250
317,9	0,24300
318,0	0,24110
318,1	0,23640
318,2	0,23370
318,3	0,23420
318,4	0,23390
318,5	0,23060
318,6	0,22580
318,7	0,22270
318,8	0,22280
318,9	0,22410
319,0	0,22350
319,1	0,21920
319,2	0,21380
319,3	0,21240
319,4	0,21340
319,5	0,21220
319,6	0,20890
319,7	0,20570
319,8	0,20370
319,9	0,20370
320,0	0,20370
320,1	0,20110
320,2	0,19730
320,3	0,19540
320,4	0,19560
320,5	0,19580
320,6	0,19490
320,7	0,19090
320,8	0,18500
320,9	0,18200
321,0	0,18330
321,1	0,18350
321,2	0,18230
321,3	0,18500
321,4	0,18950
321,5	0,19260
321,6	0,19480
321,7	0,19750
321,8	0,20090
321,9	0,20440
322,0	0,20900
322,1	0,21500
322,2	0,22090
322,3	0,22560
322,4	0,22910
322,5	0,23180
322,6	0,23500
322,7	0,24010
322,8	0,24660
322,9	0,25280
323,0	0,25810
323,1	0,26330
323,2	0,26760
323,3	0,27060
323,4	0,27320
323,5	0,27680
323,6	0,28120
323,7	0,28590
323,8	0,29150
323,9	0,29700
324,0	0,30030
324,1	0,30240
324,2	0,30580
324,3	0,31070
324,4	0,31600
324,5	0,32190
324,6	0,32700
324,7	0,33040
324,8	0,33460
324,9	0,34080
325,0	0,34580
325,1	0,34860
325,2	0,35200
325,3	0,35690
325,4	0,36160
325,5	0,36570
325,6	0,36960
325,7	0,37310
325,8	0,37600
325,9	0,38020
326,0	0,38540
326,1	0,38970
326,2	0,39420
326,3	0,39990
326,4	0,40480
326,5	0,40800
326,6	0,41180
326,7	0,41660
326,8	0,42170
326,9	0,42670
327,0	0,43180
327,1	0,43560
327,2	0,43780
327,3	0,44100
327,4	0,44620
327,5	0,45070
327,6	0,45470
327,7	0,45970
327,8	0,46440
327,9	0,46850
328,0	0,47270
328,1	0,47580
328,2	0,47760
328,3	0,48050
328,4	0,48690
328,5	0,49500
328,6	0,50060
328,7	0,50380
328,8	0,50600
328,9	0,50840
329,0	0,51180
329,1	0,51610
329,2	0,51950
329,3	0,52220
329,4	0,52700
329,5	0,53360
329,6	0,53850
329,7	0,54090
329,8	0,54300
329,9	0,54640
330,0	0,55130
330,1	0,55720
330,2	0,56240
330,3	0,56510
330,4	0,56720
330,5	0,57260
330,6	0,57920
330,7	0,58290
330,8	0,58480
330,9	0,58750
331,0	0,59140
331,1	0,59620
331,2	0,60160
331,3	0,60480
331,4	0,60580
331,5	0,60920
331,6	0,61550
331,7	0,62060
331,8	0,62370
331,9	0,62690
332,0	0,63030
332,1	0,63340
332,2	0,63780
332,3	0,64250
332,4	0,64480
332,5	0,64690
332,6	0,65250
332,7	0,65840
332,8	0,66190
332,9	0,66480
333,0	0,66770
333,1	0,66980
333,2	0,67330
333,3	0,67920
333,4	0,68400
333,5	0,68580
333,6	0,68770
333,7	0,69250
333,8	0,69750
333,9	0,70070
334,0	0,70410
334,1	0,70670
334,2	0,70910
334,3	0,71440
334,4	0,72080
334,5	0,72400
334,6	0,72440
334,7	0,72800
334,8	0,73410
334,9	0,73850
335,0	0,74170
335,1	0,74430
335,2	0,74620
335,3	0,74910
335,4	0,75410
335,5	0,75860
335,6	0,76080
335,7	0,76270
335,8	0,76730
335,9	0,77310
336,0	0,77760
336,1	0,78070
336,2	0,78190
336,3	0,78270
336,4	0,78630
336,5	0,79210
336,6	0,79670
336,7	0,79890
336,8	0,80090
336,9	0,80490
337,0	0,81050
337,1	0,81550
337,2	0,81830
337,3	0,81960
337,4	0,82130
337,5	0,82570
337,6	0,83070
337,7	0,83260
337,8	0,83350
337,9	0,83600
338,0	0,83960
338,1	0,84380
338,2	0,84800
338,3	0,85010
338,4	0,85140
338,5	0,85560
338,6	0,86140
338,7	0,86490
338,8	0,86630
338,9	0,86830
339,0	0,87170
339,1	0,87580
339,2	0,88080
339,3	0,88460
339,4	0,88490
339,5	0,88660
339,6	0,89160
339,7	0,89590
339,8	0,89840
339,9	0,90060
340,0	0,90340
340,1	0,90620
340,2	0,91000
340,3	0,91390
340,4	0,91550
340,5	0,91600
340,6	0,91890
340,7	0,92460
340,8	0,92930
340,9	0,93120
341,0	0,93170
341,1	0,93260
341,2	0,93590
341,3	0,94160
341,4	0,94590
341,5	0,94660
341,6	0,94750
341,7	0,95140
341,8	0,95600
341,9	0,95890
342,0	0,96020
342,1	0,96150
342,2	0,96480
342,3	0,97040
342,4	0,97590
342,5	0,97820
342,6	0,97790
342,7	0,97860
342,8	0,98220
342,9	0,98650
343,0	0,98920
343,1	0,99000
343,2	0,99060
343,3	0,99360
343,4	0,99900
343,5	1,00270
343,6	1,00220
343,7	1,00180
343,8	1,00550
343,9	1,01070
344,0	1,01470
344,1	1,01690
344,2	1,01710
344,3	1,01770
344,4	1,02170
344,5	1,02760
344,6	1,02980
344,7	1,02860
344,8	1,02980
344,9	1,03390
345,0	1,03830
345,1	1,04230
345,2	1,04410
345,3	1,04340
345,4	1,04560
345,5	1,05150
345,6	1,05500
345,7	1,05530
345,8	1,05530
345,9	1,05750
346,0	1,06150
346,1	1,06470
346,2	1,06630
346,3	1,06590
346,4	1,06570
346,5	1,06910
346,6	1,07570
346,7	1,07890
346,8	1,07770
346,9	1,07810
347,0	1,08230
347,1	1,08730
347,2	1,09090
347,3	1,09240
347,4	1,09200
347,5	1,09260
347,6	1,09650
347,7	1,10040
347,8	1,10040
347,9	1,09870
348,0	1,09960
348,1	1,10290
348,2	1,10700
348,3	1,11070
348,4	1,11090
348,5	1,10980
348,6	1,11280
348,7	1,11920
348,8	1,12180
348,9	1,11970
349,0	1,11940
349,1	1,12320
349,2	1,12800
349,3	1,13140
349,4	1,13280
349,5	1,13180
349,6	1,13160
349,7	1,13540
349,8	1,13930
349,9	1,13980
350,0	1,13880
350,1	1,13960
350,2	1,14180
350,3	1,14490
350,4	1,14760
350,5	1,14710
350,6	1,14580
350,7	1,14830
350,8	1,15380
350,9	1,15710
351,0	1,15660
351,1	1,15500
351,2	1,15520
351,3	1,15830
351,4	1,16310
351,5	1,16520
351,6	1,16350
351,7	1,16300
351,8	1,16690
351,9	1,17100
352,0	1,17140
352,1	1,17040
352,2	1,17070
352,3	1,17280
352,4	1,17680
352,5	1,18060
352,6	1,18040
352,7	1,17770
352,8	1,17800
352,9	1,18240
353,0	1,18590
353,1	1,18600
353,2	1,18520
353,3	1,18530
353,4	1,18760
353,5	1,19150
353,6	1,19320
353,7	1,19050
353,8	1,18890
353,9	1,19350
354,0	1,20040
354,1	1,20280
354,2	1,20080
354,3	1,19780
354,4	1,19750
354,5	1,20180
354,6	1,20680
354,7	1,20670
354,8	1,20410
354,9	1,20550
355,0	1,20900
355,1	1,21100
355,2	1,21130
355,3	1,21080
355,4	1,21040
355,5	1,21140
355,6	1,21470
355,7	1,21690
355,8	1,21570
355,9	1,21390
356,0	1,21450
356,1	1,21670
356,2	1,21790
356,3	1,21800
356,4	1,21700
356,5	1,21690
356,6	1,21940
356,7	1,22290
356,8	1,22320
356,9	1,22030
357,0	1,21920
357,1	1,22160
357,2	1,22510
357,3	1,22760
357,4	1,22700
357,5	1,22430
357,6	1,22420
357,7	1,22740
357,8	1,23000
357,9	1,22880
358,0	1,22630
358,1	1,22700
358,2	1,23000
358,3	1,23250
358,4	1,23240
358,5	1,22910
358,6	1,22720
358,7	1,23030
358,8	1,23530
358,9	1,23630
359,0	1,23370
359,1	1,23200
359,2	1,23320
359,3	1,23580
359,4	1,23760
359,5	1,23650
359,6	1,23350
359,7	1,23390
359,8	1,23880
359,9	1,24200
360,0	1,23980
360,1	1,23580
360,2	1,23450
360,3	1,23690
360,4	1,24120
360,5	1,24270
360,6	1,23950
360,7	1,23640
360,8	1,23780
360,9	1,24140
361,0	1,24200
361,1	1,23890
361,2	1,23640
361,3	1,23760
361,4	1,24150
361,5	1,24430
361,6	1,24220
361,7	1,23770
361,8	1,23690
361,9	1,24070
362,0	1,24410
362,1	1,24360
362,2	1,24030
362,3	1,23770
362,4	1,23950
362,5	1,24350
362,6	1,24400
362,7	1,24010
362,8	1,23690
362,9	1,23870
363,0	1,24270
363,1	1,24340
363,2	1,24020
363,3	1,23670
363,4	1,23600
363,5	1,23820
363,6	1,24050
363,7	1,23990
363,8	1,23650
363,9	1,23480
364,0	1,23660
364,1	1,23860
364,2	1,23780
364,3	1,23530
364,4	1,23320
364,5	1,23370
364,6	1,23700
364,7	1,23850
364,8	1,23580
364,9	1,23210
365,0	1,23120
365,1	1,23320
365,2	1,23500
365,3	1,23410
365,4	1,23140
365,5	1,23000
365,6	1,23120
365,7	1,23280
365,8	1,23180
365,9	1,22820
366,0	1,22600
366,1	1,22690
366,2	1,22940
366,3	1,23020
366,4	1,22760
366,5	1,22420
366,6	1,22350
366,7	1,22510
366,8	1,22640
366,9	1,22500
367,0	1,22230
367,1	1,22090
367,2	1,22110
367,3	1,22200
367,4	1,22130
367,5	1,21840
367,6	1,21590
367,7	1,21660
367,8	1,21880
367,9	1,21900
368,0	1,21700
368,1	1,21470
368,2	1,21340
368,3	1,21350
368,4	1,21400
368,5	1,21370
368,6	1,21230
368,7	1,21120
368,8	1,21130
368,9	1,21180
369,0	1,21120
369,1	1,20780
369,2	1,20380
369,3	1,20410
369,4	1,20720
369,5	1,20830
369,6	1,20450
369,7	1,19870
369,8	1,19610
369,9	1,19670
370,0	1,19750
370,1	1,19630
370,2	1,19280
370,3	1,18980
370,4	1,19010
370,5	1,19170
370,6	1,19090
370,7	1,18720
370,8	1,18410
370,9	1,18400
371,0	1,18600
371,1	1,18630
371,2	1,18280
371,3	1,17790
371,4	1,17560
371,5	1,17730
371,6	1,17920
371,7	1,17720
371,8	1,17230
371,9	1,16930
372,0	1,17010
372,1	1,17170
372,2	1,17010
372,3	1,16500
372,4	1,16110
372,5	1,16150
372,6	1,16440
372,7	1,16450
372,8	1,16010
372,9	1,15510
373,0	1,15300
373,1	1,15410
373,2	1,15510
373,3	1,15270
373,4	1,14840
373,5	1,14590
373,6	1,14720
373,7	1,14860
373,8	1,14650
373,9	1,14190
374,0	1,13830
374,1	1,13830
374,2	1,14030
374,3	1,13990
374,4	1,13650
374,5	1,13180
374,6	1,13030
374,7	1,13220
374,8	1,13320
374,9	1,12950
375,0	1,12330
375,1	1,12060
375,2	1,12210
375,3	1,12360
375,4	1,11990
375,5	1,11350
375,6	1,10940
375,7	1,10990
375,8	1,11230
375,9	1,11120
376,0	1,10580
376,1	1,10110
376,2	1,10010
376,3	1,10160
376,4	1,10190
376,5	1,09880
376,6	1,09470
376,7	1,09340
376,8	1,09440
376,9	1,09410
377,0	1,08930
377,1	1,08280
377,2	1,07910
377,3	1,08030
377,4	1,08390
377,5	1,08210
377,6	1,07490
377,7	1,06970
377,8	1,06930
377,9	1,06960
378,0	1,06750
378,1	1,06390
378,2	1,06050
378,3	1,05870
378,4	1,05980
378,5	1,06080
378,6	1,05570
378,7	1,04770
378,8	1,04560
378,9	1,04860
379,0	1,04990
379,1	1,04720
379,2	1,04100
379,3	1,03420
379,4	1,03150
379,5	1,03330
379,6	1,03280
379,7	1,02700
379,8	1,02190
379,9	1,02160
380,0	1,02270
380,1	1,02140
380,2	1,01740
380,3	1,01100
380,4	1,00620
380,5	1,00720
380,6	1,00980
380,7	1,00690
380,8	1,00000
380,9	0,99600
381,0	0,99550
381,1	0,99520
381,2	0,99330
381,3	0,98890
381,4	0,98420
381,5	0,98230
381,6	0,98360
381,7	0,98330
381,8	0,97720
381,9	0,97080
382,0	0,96970
382,1	0,97070
382,2	0,97180
382,3	0,96990
382,4	0,96270
382,5	0,95550
382,6	0,95400
382,7	0,95520
382,8	0,95220
382,9	0,94630
383,0	0,94240
383,1	0,94110
383,2	0,94030
383,3	0,93870
383,4	0,93440
383,5	0,92780
383,6	0,92410
383,7	0,92470
383,8	0,92520
383,9	0,92160
384,0	0,91610
384,1	0,91220
384,2	0,91010
384,3	0,90930
384,4	0,90760
384,5	0,90330
384,6	0,89900
384,7	0,89770
384,8	0,89810
384,9	0,89610
385,0	0,89030
385,1	0,88420
385,2	0,87990
385,3	0,87850
385,4	0,87900
385,5	0,87660
385,6	0,87030
385,7	0,86480
385,8	0,86310
385,9	0,86270
386,0	0,86010
386,1	0,85570
386,2	0,85080
386,3	0,84750
386,4	0,84720
386,5	0,84630
386,6	0,84140
386,7	0,83430
386,8	0,83050
386,9	0,83050
387,0	0,83060
387,1	0,82830
387,2	0,82380
387,3	0,81880
387,4	0,81680
387,5	0,81780
387,6	0,81520
387,7	0,80810
387,8	0,80220
387,9	0,80000
388,0	0,79950
388,1	0,79740
388,2	0,79240
388,3	0,78620
