0,0	-0,14412
1,0	-0,04926
2,0	0,04844
3,0	0,14577
4,0	0,23972
5,0	0,33650
6,0	0,43000
7,0	0,52165
8,0	0,61335
9,0	0,70565
10,0	0,79659
11,0	0,88178
12,0	0,96786
13,0	1,05637
14,0	1,13954
15,0	1,20635
16,0	1,19136
17,0	1,15674
18,0	1,12075
19,0	1,08054
20,0	1,03831
21,0	0,99867
22,0	0,95562
23,0	0,91028
24,0	0,86423
25,0	0,81938
26,0	0,77241
27,0	0,72351
28,0	0,67291
29,0	0,62215
30,0	0,57195
31,0	0,51785
32,0	0,46422
33,0	0,41026
34,0	0,35670
35,0	0,30012
36,0	0,24416
37,0	0,18755
38,0	0,13148
39,0	0,07181
40,0	0,01439
41,0	-0,04238
42,0	-0,10075
43,0	-0,15759
44,0	-0,19197
45,0	-0,13877
46,0	-0,07275
47,0	-0,00757
48,0	0,05683
49,0	0,12189
50,0	0,18643
51,0	0,24856
52,0	0,31060
53,0	0,37183
54,0	0,43376
55,0	0,49303
56,0	0,55069
57,0	0,60853
58,0	0,66403
59,0	0,71877
60,0	0,77271
61,0	0,82465
62,0	0,87538
63,0	0,92450
64,0	0,97271
65,0	1,01835
66,0	1,06346
67,0	1,10748
68,0	1,14812
69,0	1,18793
70,0	1,22662
71,0	1,21535
72,0	1,16001
73,0	1,10653
74,0	1,04973
75,0	0,99311
76,0	0,93382
77,0	0,87492
78,0	0,81511
79,0	0,75324
80,0	0,68875
81,0	0,62613
82,0	0,56134
83,0	0,49555
84,0	0,42893
85,0	0,36215
86,0	0,29436
87,0	0,22670
88,0	0,16009
89,0	0,09075
90,0	0,02109
91,0	-0,04830
92,0	-0,11776
93,0	-0,18151
94,0	-0,17855
95,0	-0,13876
96,0	-0,10015
97,0	-0,06011
98,0	-0,02300
99,0	0,01518
100,0	0,05246
101,0	0,08919
102,0	0,12612
103,0	0,16082
104,0	0,19543
105,0	0,22786
106,0	0,26284
107,0	0,29395
108,0	0,32614
109,0	0,35646
110,0	0,38488
111,0	0,41553
112,0	0,44236
113,0	0,46955
114,0	0,49578
115,0	0,51905
116,0	0,54240
117,0	0,56650
118,0	0,58807
119,0	0,60729
120,0	0,62647
121,0	0,64426
122,0	0,66139
123,0	0,67586
124,0	0,68977
125,0	0,70243
126,0	0,71455
127,0	0,72610
128,0	0,73525
129,0	0,74382
130,0	0,74932
131,0	0,75373
132,0	0,75766
133,0	0,76146
134,0	0,76296
135,0	0,76255
136,0	0,76119
137,0	0,75821
138,0	0,75461
139,0	0,75075
140,0	0,74598
141,0	0,73852
142,0	0,73015
143,0	0,71855
144,0	0,70686
145,0	0,69427
146,0	0,68121
147,0	0,66859
148,0	0,65282
149,0	0,63446
150,0	0,61801
151,0	0,59757
152,0	0,57879
153,0	0,55563
154,0	0,53364
155,0	0,51205
156,0	0,48824
157,0	0,46440
158,0	0,43754
159,0	0,41132
160,0	0,38220
161,0	0,35619
162,0	0,32563
163,0	0,29522
164,0	0,26673
165,0	0,23431
166,0	0,20287
167,0	0,17068
168,0	0,13893
169,0	0,10540
170,0	0,06955
171,0	0,03629
172,0	0,00108
173,0	-0,03278
174,0	-0,06770
175,0	-0,10362
176,0	-0,13819
177,0	-0,17465
178,0	-0,19457
179,0	-0,15066
180,0	-0,09110
181,0	-0,03071
182,0	0,02785
183,0	0,08797
184,0	0,14642
185,0	0,20391
186,0	0,26100
187,0	0,31625
188,0	0,37208
189,0	0,42539
190,0	0,47948
191,0	0,53043
192,0	0,58220
193,0	0,63267
194,0	0,68012
195,0	0,72805
196,0	0,77448
197,0	0,81764
198,0	0,86027
199,0	0,90392
200,0	0,94319
201,0	0,98284
202,0	1,01944
203,0	1,05598
204,0	1,09008
205,0	1,12329
206,0	1,15224
207,0	1,18214
208,0	1,21134
209,0	1,20874
210,0	1,15207
211,0	1,09227
212,0	1,03297
213,0	0,96972
214,0	0,90707
215,0	0,84380
216,0	0,77934
217,0	0,71181
218,0	0,64492
219,0	0,57710
220,0	0,50862
221,0	0,44006
222,0	0,36955
223,0	0,29849
224,0	0,22693
225,0	0,15620
226,0	0,08344
227,0	0,01119
228,0	-0,06083
229,0	-0,13373
230,0	-0,18470
231,0	-0,09855
232,0	0,02175
233,0	0,14277
234,0	0,26251
235,0	0,38194
236,0	0,50073
237,0	0,61800
238,0	0,73424
239,0	0,84917
240,0	0,96294
241,0	1,07570
242,0	1,18539
243,0	1,22200
244,0	1,17525
245,0	1,12573
246,0	1,07417
247,0	1,01891
248,0	0,96400
249,0	0,90739
250,0	0,85013
251,0	0,79286
252,0	0,73290
253,0	0,67310
254,0	0,61101
255,0	0,54793
256,0	0,48619
257,0	0,42156
258,0	0,35674
259,0	0,29178
260,0	0,22629
261,0	0,16103
262,0	0,09438
263,0	0,02748
264,0	-0,03909
265,0	-0,10607
266,0	-0,17197
267,0	-0,19411
268,0	-0,13744
269,0	-0,07407
270,0	-0,01085
271,0	0,05231
272,0	0,11495
273,0	0,17734
274,0	0,23761
275,0	0,29763
276,0	0,35824
277,0	0,41634
278,0	0,47463
279,0	0,52998
280,0	0,58517
281,0	0,63946
282,0	0,69191
283,0	0,74494
284,0	0,79574
285,0	0,84297
286,0	0,89168
287,0	0,93589
288,0	0,98150
289,0	1,02284
290,0	1,06493
291,0	1,10440
292,0	1,14223
293,0	1,17853
294,0	1,21505
295,0	1,22567
296,0	1,19354
297,0	1,15571
298,0	1,11921
299,0	1,08047
300,0	1,04010
301,0	0,99677
302,0	0,95394
303,0	0,91006
304,0	0,86326
305,0	0,81704
306,0	0,76917
307,0	0,71972
308,0	0,66965
309,0	0,61855
310,0	0,56698
311,0	0,51312
312,0	0,45994
313,0	0,40468
314,0	0,34989
315,0	0,29329
316,0	0,23657
317,0	0,18056
318,0	0,12285
319,0	0,06455
320,0	0,00608
321,0	-0,05122
322,0	-0,11008
323,0	-0,16790
324,0	-0,19657
325,0	-0,13257
326,0	-0,05455
327,0	0,02287
328,0	0,10024
329,0	0,17745
330,0	0,25279
331,0	0,32820
332,0	0,40308
333,0	0,47667
334,0	0,54857
335,0	0,62058
336,0	0,68961
337,0	0,75903
338,0	0,82612
339,0	0,89249
340,0	0,95662
341,0	1,01907
342,0	1,08026
343,0	1,13984
344,0	1,19844
345,0	1,22914
346,0	1,21501
347,0	1,19636
348,0	1,17479
349,0	1,15280
350,0	1,13144
351,0	1,10606
352,0	1,08016
353,0	1,05366
354,0	1,02348
355,0	0,99362
356,0	0,96444
357,0	0,92938
358,0	0,89666
359,0	0,86051
360,0	0,82486
361,0	0,78663
362,0	0,74783
363,0	0,70748
364,0	0,66808
365,0	0,62462
366,0	0,58169
367,0	0,53610
368,0	0,49233
369,0	0,44748
370,0	0,40006
371,0	0,35346
372,0	0,30451
373,0	0,25730
374,0	0,20775
375,0	0,15744
376,0	0,10810
377,0	0,05666
378,0	0,00587
379,0	-0,04458
380,0	-0,09603
381,0	-0,14611
382,0	-0,19208
383,0	-0,18523
384,0	-0,15863
385,0	-0,13178
386,0	-0,10666
387,0	-0,08085
388,0	-0,05358
389,0	-0,02960
390,0	-0,00658
391,0	0,01835
392,0	0,04181
393,0	0,06278
394,0	0,08529
395,0	0,10883
396,0	0,12824
397,0	0,14980
398,0	0,16780
399,0	0,18857
400,0	0,20470
401,0	0,22211
402,0	0,23875
403,0	0,25523
404,0	0,27184
405,0	0,28350
406,0	0,29673
407,0	0,30943
408,0	0,32116
409,0	0,33275
410,0	0,34506
411,0	0,35326
412,0	0,35907
413,0	0,36652
414,0	0,37299
415,0	0,37807
416,0	0,38298
417,0	0,38656
418,0	0,38966
419,0	0,39143
420,0	0,39290
421,0	0,39357
422,0	0,39332
423,0	0,39174
424,0	0,38923
425,0	0,38579
426,0	0,38134
427,0	0,37594
428,0	0,37014
429,0	0,36359
430,0	0,35755
431,0	0,34961
432,0	0,34063
433,0	0,32851
434,0	0,31697
435,0	0,30502
436,0	0,29293
437,0	0,28077
438,0	0,26791
439,0	0,25216
440,0	0,23588
441,0	0,21997
442,0	0,20382
443,0	0,18826
444,0	0,16826
445,0	0,15071
446,0	0,13057
447,0	0,11291
448,0	0,09086
449,0	0,06959
450,0	0,04827
451,0	0,02828
452,0	0,00388
453,0	-0,01787
454,0	-0,03896
455,0	-0,06270
456,0	-0,08696
457,0	-0,11006
458,0	-0,13376
459,0	-0,15875
460,0	-0,18409
461,0	-0,20127
462,0	-0,16084
463,0	-0,09903
464,0	-0,03688
465,0	0,02418
466,0	0,08510
467,0	0,14622
468,0	0,20560
469,0	0,26415
470,0	0,32202
471,0	0,37908
472,0	0,43645
473,0	0,49167
474,0	0,54491
475,0	0,59914
476,0	0,65099
477,0	0,69989
478,0	0,75013
479,0	0,79792
480,0	0,84317
481,0	0,88866
482,0	0,93143
483,0	0,97502
484,0	1,01453
485,0	1,05393
486,0	1,09094
487,0	1,12663
488,0	1,16026
489,0	1,19520
490,0	1,22425
491,0	1,23125
492,0	1,22450
493,0	1,21634
494,0	1,20862
495,0	1,19517
496,0	1,18187
497,0	1,16690
498,0	1,15156
499,0	1,13693
500,0	1,11770
501,0	1,09820
502,0	1,07505
503,0	1,05394
504,0	1,02856
505,0	1,00270
506,0	0,97764
507,0	0,94811
508,0	0,91795
509,0	0,88858
510,0	0,85466
511,0	0,82276
512,0	0,78814
513,0	0,75212
514,0	0,71457
515,0	0,67727
516,0	0,63908
517,0	0,59833
518,0	0,55631
519,0	0,51519
520,0	0,47228
521,0	0,42827
522,0	0,38359
523,0	0,33969
524,0	0,29282
525,0	0,24689
526,0	0,19981
527,0	0,15271
528,0	0,10415
529,0	0,05583
530,0	0,00658
531,0	-0,04167
532,0	-0,09136
533,0	-0,13931
534,0	-0,18663
535,0	-0,19096
536,0	-0,16323
537,0	-0,13411
538,0	-0,10757
539,0	-0,08108
540,0	-0,05333
541,0	-0,02853
542,0	-0,00334
543,0	0,02438
544,0	0,04811
545,0	0,07104
546,0	0,09666
547,0	0,11946
548,0	0,14155
549,0	0,16307
550,0	0,18553
551,0	0,20343
552,0	0,22250
553,0	0,24105
554,0	0,26049
555,0	0,27684
556,0	0,29195
557,0	0,30776
558,0	0,32207
559,0	0,33739
560,0	0,35133
561,0	0,36129
562,0	0,37252
563,0	0,38295
564,0	0,39226
565,0	0,40030
566,0	0,40782
567,0	0,41547
568,0	0,42256
569,0	0,42762
570,0	0,43066
571,0	0,43292
572,0	0,43448
573,0	0,43497
574,0	0,43480
575,0	0,43388
576,0	0,43246
577,0	0,43059
578,0	0,42688
579,0	0,42234
580,0	0,41595
581,0	0,40783
582,0	0,40007
583,0	0,39119
584,0	0,38246
585,0	0,37288
586,0	0,36243
587,0	0,35233
588,0	0,34068
589,0	0,32491
590,0	0,31070
591,0	0,29562
592,0	0,28079
593,0	0,26601
594,0	0,24756
595,0	0,22963
596,0	0,21135
597,0	0,19419
598,0	0,17274
599,0	0,15398
600,0	0,13224
601,0	0,11257
602,0	0,08846
603,0	0,06608
604,0	0,04420
605,0	0,02178
606,0	-0,00345
607,0	-0,02690
608,0	-0,04958
609,0	-0,07677
610,0	-0,10133
611,0	-0,12581
612,0	-0,15248
613,0	-0,17842
614,0	-0,19811
615,0	-0,18789
616,0	-0,16661
617,0	-0,14822
618,0	-0,12641
619,0	-0,10921
620,0	-0,09106
621,0	-0,07227
622,0	-0,05231
623,0	-0,03570
624,0	-0,01918
625,0	-0,00279
626,0	0,01327
627,0	0,03097
628,0	0,04403
629,0	0,05755
630,0	0,07189
631,0	0,08481
632,0	0,09837
633,0	0,11208
634,0	0,12182
635,0	0,13186
636,0	0,14286
637,0	0,15387
638,0	0,16015
639,0	0,16758
640,0	0,17531
641,0	0,18309
642,0	0,19141
643,0	0,19552
644,0	0,19835
645,0	0,20217
646,0	0,20514
647,0	0,20708
648,0	0,20933
649,0	0,21085
650,0	0,21137
651,0	0,21103
652,0	0,20969
653,0	0,20788
654,0	0,20521
655,0	0,20219
656,0	0,19895
657,0	0,19591
658,0	0,19292
659,0	0,18590
660,0	0,17758
661,0	0,17035
662,0	0,16207
663,0	0,15591
664,0	0,14715
665,0	0,13565
666,0	0,12527
667,0	0,11669
668,0	0,10495
669,0	0,09196
670,0	0,07916
671,0	0,06633
672,0	0,05245
673,0	0,04049
674,0	0,02647
675,0	0,00951
676,0	-0,00603
677,0	-0,02182
678,0	-0,03616
679,0	-0,05271
680,0	-0,07117
681,0	-0,08845
682,0	-0,10571
683,0	-0,12175
684,0	-0,14220
685,0	-0,15905
686,0	-0,17979
687,0	-0,19743
688,0	-0,19172
689,0	-0,14120
690,0	-0,08936
691,0	-0,03587
692,0	0,01600
693,0	0,06747
694,0	0,12005
695,0	0,17071
696,0	0,21928
697,0	0,26895
698,0	0,31574
699,0	0,36326
700,0	0,40916
701,0	0,45474
702,0	0,49827
703,0	0,54060
704,0	0,58478
705,0	0,62455
706,0	0,66397
707,0	0,70105
708,0	0,73920
709,0	0,77499
710,0	0,80941
711,0	0,84066
712,0	0,87258
713,0	0,90354
714,0	0,93136
715,0	0,95899
716,0	0,98465
717,0	1,00754
718,0	1,03045
719,0	1,05361
720,0	1,07050
721,0	1,09122
722,0	1,10540
723,0	1,12189
724,0	1,13482
725,0	1,14440
726,0	1,15439
727,0	1,16299
728,0	1,17106
729,0	1,17620
730,0	1,18085
731,0	1,18274
732,0	1,18349
733,0	1,18356
734,0	1,18210
735,0	1,17909
736,0	1,17453
737,0	1,16767
738,0	1,15963
739,0	1,15079
740,0	1,14027
741,0	1,13132
742,0	1,11476
743,0	1,10108
744,0	1,08574
745,0	1,06656
746,0	1,04904
747,0	1,02578
748,0	1,00356
749,0	0,98216
750,0	0,95615
751,0	0,92892
752,0	0,90309
753,0	0,87349
754,0	0,84298
755,0	0,81265
756,0	0,78113
757,0	0,74798
758,0	0,71079
759,0	0,67627
760,0	0,63925
761,0	0,60118
762,0	0,56131
763,0	0,52140
764,0	0,48023
765,0	0,43949
766,0	0,39559
767,0	0,35261
768,0	0,30754
769,0	0,26507
770,0	0,21825
771,0	0,17385
772,0	0,12675
773,0	0,07888
774,0	0,03241
775,0	-0,01543
776,0	-0,06228
777,0	-0,11026
778,0	-0,15699
779,0	-0,20136
780,0	-0,17860
781,0	-0,11886
782,0	-0,05895
783,0	-0,00023
784,0	0,05931
785,0	0,11904
786,0	0,17582
787,0	0,23280
788,0	0,28969
789,0	0,34607
790,0	0,39933
791,0	0,45374
792,0	0,50461
793,0	0,55676
794,0	0,60719
795,0	0,65640
796,0	0,70328
797,0	0,75059
798,0	0,79588
799,0	0,83792
800,0	0,88218
801,0	0,92166
802,0	0,96199
803,0	0,99922
804,0	1,03609
805,0	1,07152
806,0	1,10454
807,0	1,13543
808,0	1,16385
809,0	1,19480
810,0	1,22112
811,0	1,21195
812,0	1,14452
813,0	1,07439
814,0	1,00051
815,0	0,92667
816,0	0,85188
817,0	0,77745
818,0	0,70028
819,0	0,62370
820,0	0,54465
821,0	0,46611
822,0	0,38586
823,0	0,30563
824,0	0,22502
825,0	0,14545
826,0	0,06318
827,0	-0,01786
828,0	-0,09892
829,0	-0,17720
830,0	-0,19160
831,0	-0,14492
832,0	-0,09855
833,0	-0,05024
834,0	-0,00468
835,0	0,04228
836,0	0,08768
837,0	0,13283
838,0	0,17796
839,0	0,22014
840,0	0,26370
841,0	0,30465
842,0	0,34762
843,0	0,38605
844,0	0,42711
845,0	0,46538
846,0	0,50253
847,0	0,53756
848,0	0,57447
849,0	0,60711
850,0	0,63896
851,0	0,66994
852,0	0,69998
853,0	0,72967
854,0	0,75695
855,0	0,78353
856,0	0,80986
857,0	0,83100
858,0	0,85310
859,0	0,87314
860,0	0,89502
861,0	0,91049
862,0	0,92709
863,0	0,94151
864,0	0,95584
865,0	0,96977
866,0	0,97879
867,0	0,98633
868,0	0,99393
869,0	0,99969
870,0	1,00441
871,0	1,00753
872,0	1,00840
873,0	1,00827
874,0	1,00712
875,0	1,00405
876,0	0,99976
877,0	0,99379
878,0	0,98705
879,0	0,97965
880,0	0,97116
881,0	0,95619
882,0	0,94307
883,0	0,92777
884,0	0,91243
885,0	0,89760
886,0	0,87693
887,0	0,85653
888,0	0,83599
889,0	0,81489
890,0	0,78973
891,0	0,76507
892,0	0,73934
893,0	0,71055
894,0	0,68191
895,0	0,65323
896,0	0,62230
897,0	0,59150
898,0	0,55793
899,0	0,52390
900,0	0,49008
901,0	0,45426
902,0	0,41824
903,0	0,38050
904,0	0,34349
905,0	0,30427
906,0	0,26648
907,0	0,22516
908,0	0,18686
909,0	0,14496
910,0	0,10380
911,0	0,06230
912,0	0,02095
913,0	-0,02227
914,0	-0,06539
915,0	-0,10734
916,0	-0,15092
917,0	-0,19198
918,0	-0,19465
919,0	-0,17916
920,0	-0,15852
921,0	-0,14380
922,0	-0,12409
923,0	-0,10949
924,0	-0,09411
925,0	-0,07860
926,0	-0,06257
927,0	-0,04523
928,0	-0,03259
929,0	-0,01995
930,0	-0,00670
931,0	0,00599
932,0	0,01850
933,0	0,03281
934,0	0,04219
935,0	0,05177
936,0	0,06198
937,0	0,07177
938,0	0,08083
939,0	0,08909
940,0	0,09711
941,0	0,10565
942,0	0,11251
943,0	0,11800
944,0	0,12265
945,0	0,12695
946,0	0,13120
947,0	0,13421
948,0	0,13696
949,0	0,13957
950,0	0,14185
951,0	0,14291
952,0	0,14398
953,0	0,14418
954,0	0,14285
955,0	0,14000
956,0	0,13686
957,0	0,13384
958,0	0,13010
959,0	0,12651
960,0	0,12224
961,0	0,11814
962,0	0,11349
963,0	0,10626
964,0	0,09702
965,0	0,08917
966,0	0,08080
967,0	0,07192
968,0	0,06308
969,0	0,05386
970,0	0,04457
971,0	0,03599
972,0	0,02286
973,0	0,00977
974,0	-0,00253
975,0	-0,01467
976,0	-0,02737
