-0.0461937
-0.426118
0.971684
-0.706222
-2.09004
-0.817217
-1.33855
0.640583
0.00825653
-0.0729494
0.384821
0.829619
-1.03036
0.34034
0.388331
-0.0145157
-1.80122
0.889322
0.0733973
1.04867
0.269036
0.304443
-0.521705
0.313105
0.119823
-1.17497
-0.872293
1.16515
0.6368
0.515577
-0.31969
-0.193745
-0.999584
1.56841
0.295053
1.07045
0.317861
-0.515986
-0.352286
0.452751
0.0200233
1.6087
0.774784
-1.10065
0.457318
0.45606
0.22487
0.0416741
1.82708
0.814564
1.29507
2.19637
-0.972562
-0.604258
-0.252247
-0.610798
0.823596
-0.89598
0.166554
0.424055
-0.0467404
-0.0241656
0.165754
-0.631367
-0.23526
1.13129
1.93746
-0.0941656
-1.24016
-0.227568
1.23354
-0.898974
1.15385
-0.72044
-0.0886618
1.65144
0.054487
2.10987
2.17532
-1.06208
-0.229988
-0.256922
-0.0139941
-1.35162
0.0577731
-1.43398
-1.35132
0.951362
1.27002
1.38903
-0.528029
-0.897622
-2.2535
-0.831465
-1.082
0.301639
1.55027
0.886388
-0.512017
-1.78949
-1.67444
1.15516
1.20039
0.772827
0.283579
0.727535
0.290592
0.271969
-0.352339
-0.894943
-0.19827
0.325876
0.683796
-0.579166
-1.80783
2.23895
-1.95131
0.217931
0.902839
-0.669286
-0.494554
0.457683
0.0423785
0.133277
0.161468
-0.426231
-0.0880868
-0.42053
-1.1114
0.882766
0.492543
0.209295
1.1525
-0.0196135
0.777551
-1.48875
1.54458
-1.57826
1.31186
1.07393
1.32643
0.726296
0.805698
1.03002
1.1361
-0.718398
-1.18299
-0.326588
-0.348671
-0.56706
1.52576
0.107275
-0.614315
-0.0878216
1.89489
1.31229
1.6996
-1.14222
-1.45819
0.575269
-0.288661
1.85662
0.725076
1.04768
1.62379
-0.53193
0.111194
0.208451
-0.26799
-0.277049
-0.303982
0.981311
-0.798727
0.534762
-0.025343
-0.59944
0.155898
1.23801
-0.648572
-1.1682
-1.34806
0.474229
-0.164151
-1.37563
-1.20194
0.355653
0.161137
0.812794
1.22887
0.19092
0.403149
0.141267
1.18625
0.207948
-0.425951
0.920911
1.24653
0.303693
1.33842
-0.289029
-1.34624
-0.129858
1.10744
-0.0621655
1.7542
0.170844
-0.93523
-0.667092
-1.22305
0.921676
-1.50602
-0.936678
-0.579654
-0.830046
-0.860599
2.00346
0.761358
0.689395
-0.924338
-0.422584
-0.240436
0.122586
0.897325
0.0686491
1.39449
1.11656
-0.0137524
0.13499
0.2017
-0.663138
-1.44964
0.524439
-0.847269
-0.342171
-0.838323
2.02628
-0.67346
-1.97398
1.37462
-0.5797
-0.444951
1.48414
-2.34939
-0.674404
0.616866
1.12812
0.405481
-0.376186
2.09372
0.346269
0.638065
-2.40194
-1.24242
1.18809
1.76928
-0.210901
-1.78501
0.37239
-0.39623
1.0382
1.57279
-1.7396
0.0559435
-0.959607
0.417321
-0.678779
1.46666
1.58219
0.865195
-1.727
0.66626
2.89987
1.0576
1.40127
0.588211
-0.404187
0.420312
0.693039
0.439981
0.0277752
1.60461
-1.03165
-1.47961
-0.796059
-0.84106
1.93238
0.504593
-0.0777236
-0.107655
0.157934
0.109183
0.790292
0.333541
0.669218
-0.487073
0.422969
1.74399
0.824173
-1.16686
-0.300036
0.683265
-1.5516
0.532474
-1.30156
0.138505
0.294058
1.09642
1.11729
-0.866212
-0.0300774
-1.51083
-0.551461
-0.00373652
0.676848
-0.0947125
1.1969
-0.190297
-0.074335
1.25511
-0.381668
1.46709
-0.203142
-2.44608
-0.0419341
-0.087421
0.11036
1.04964
0.347975
0.492642
-1.35677
-1.21328
0.241792
-0.358416
1.78927
-0.518071
0.421557
0.13903
-0.622629
-0.0713546
-0.0614315
2.85046
-0.173415
0.138504
-2.77198
0.262253
-0.72163
-0.701802
-0.610803
-0.381223
0.83396
-0.569311
0.787286
0.0246806
2.22646
-0.412005
-1.18241
0.25397
-0.534216
1.00128
-1.08595
-0.476215
1.29583
0.126358
-0.326647
-0.885226
1.46134
1.03523
-0.408258
0.0734863
0.411256
0.784778
0.571077
1.1217
-0.248666
0.873949
-0.381768
1.01437
0.328001
-0.99669
2.3869
-0.0973653
-1.27249
-0.998598
0.182432
-0.424299
0.660711
1.12165
0.565991
-0.476058
-0.00772062
-0.335425
0.312935
1.10491
-1.59804
0.354796
-0.0305743
-0.285515
-1.34138
-1.26134
1.18271
-0.760501
-0.572466
0.488087
0.68863
1.49109
0.317981
0.290824
-0.581328
0.498907
0.979304
-1.39687
0.657547
-0.271538
0.157687
3.01177
0.324094
1.08421
1.79875
1.42987
0.419469
0.115365
0.594465
1.13467
0.933635
0.235618
1.13865
-0.605995
-0.515769
-0.0123918
-1.49581
0.646682
-0.459552
1.48765
0.365458
-0.250763
-0.118574
2.14925
-0.424859
0.618021
-0.0108399
0.176184
0.763864
1.85987
-0.0162301
-0.49043
-0.886631
-0.578962
-0.727265
0.813072
-1.49925
-0.448809
-0.809122
1.33136
0.254376
1.28554
-0.221282
0.97298
-0.634466
0.713594
-1.19119
-1.19131
-0.359687
0.937617
-0.319192
-1.1375
0.884874
0.383727
0.248911
-0.64103
-0.486866
-0.826345
1.00954
0.59243
-0.357974
0.482286
-1.28629
0.190491
-0.0607222
-0.579949
-0.398655
-1.18262
-0.493999
1.3521
-0.541081
0.308599
0.047456
-1.98441
1.02
-0.981681
-0.766023
0.584022
1.26537
-1.29502
0.13892
2.32592
0.621999
1.02352
-1.01913
-1.48731
0.2238
0.985305
0.228457
-0.129003
1.02721
1.57788
0.899834
-0.0774115
-0.0758839
0.785845
1.1448
-1.13196
-2.56389
1.20552
0.109669
2.64019
0.328426
1.0332
-0.23623
0.0616101
-0.299717
-1.17471
-0.57426
0.263479
-1.63609
-0.535475
0.571556
0.181105
0.445869
-0.856563
-0.210872
-0.955569
1.7508
-1.20524
-0.291511
-1.30921
0.397629
-0.306375
-1.82029
0.538113
-0.096928
0.991973
0.227588
-1.50023
-2.0397
-0.685991
0.315855
-0.542064
-0.823789
0.662126
-0.317265
0.241355
-0.786908
0.97415
0.91182
-1.06953
1.46604
-1.0558
-0.941233
2.04979
0.0995815
-0.699308
1.21161
2.78041
-0.847888
-0.344265
-0.272747
-0.318435
-0.107075
-0.850831
0.315438
1.19755
0.865296
-0.652088
0.528082
-2.95598
0.444353
-0.281783
0.638695
-0.496355
0.288053
-0.662253
0.254697
-1.03414
0.685105
-0.129147
-0.902992
0.19792
0.488546
0.620794
0.430553
-0.474096
0.765973
1.23908
0.828047
-0.997994
1.44781
-0.889004
0.0807842
-0.200339
0.500761
0.721651
0.239067
0.0337953
-1.7967
-1.78204
-0.819143
1.39339
0.423862
-0.911363
-0.514753
1.54052
-0.223399
-0.515834
-0.623944
1.08006
0.493569
-1.15354
0.456727
-1.04533
-1.31931
-1.31126
-1.45366
-0.530677
0.342955
0.0468827
0.818077
-0.390822
0.779783
1.01345
0.191988
0.3891
2.68336
0.798694
-0.639043
-0.311103
0.34629
2.34504
0.122859
-0.37646
0.128358
0.271677
-0.463732
-0.45644
1.16769
-1.28806
1.02948
-0.517369
1.8158
-0.888511
-0.71105
0.869968
0.465592
-0.305668
0.0297001
1.88202
-1.92822
-0.782008
-1.06956
0.156283
-0.601978
1.11417
0.430865
-0.229222
-0.545783
-0.476231
0.801546
-1.33118
-0.253772
0.282359
0.694148
-0.459947
-0.685197
-0.295371
-0.0525371
0.651012
-2.02955
0.277375
-0.626702
0.411858
0.322348
-2.76589
1.28213
-0.456252
-0.108974
0.212809
-0.814066
0.124333
0.470867
0.026206
-1.75574
-0.602073
1.46577
0.830684
-0.260726
-3.40317
0.799432
-1.1696
1.97977
-0.533491
1.93399
1.12824
0.845771
-0.404989
-0.37091
-1.0844
-0.715932
-0.519243
0.891395
-1.03967
0.00031386
0.175556
-0.216619
1.17194
-0.0950738
-0.255949
0.0304864
-0.120012
-0.614507
0.579667
-1.5445
0.50009
-0.272406
0.703215
-0.361104
-0.537259
-0.943239
0.43426
1.94774
0.226857
1.05244
0.186706
0.31644
-0.781899
-0.972267
-0.714033
0.841494
0.658274
-1.18785
-0.168878
1.40776
-0.613953
-0.980251
-0.867028
1.16243
0.352895
0.635437
1.9967
-0.445776
-0.420223
-0.845958
-0.436773
-1.44908
1.17146
-0.276368
-0.588716
-1.33918
-0.370416
0.210281
0.40331
3.03537
0.101841
1.35284
-2.27544
-0.384386
-1.06975
0.258769
-0.332172
0.230583
-0.0860543
1.31522
0.0349919
-1.5312
-0.362408
-0.692241
1.47097
1.16241
0.997249
-1.65877
1.26712
-0.385027
0.598474
1.29784
-1.25607
-0.713292
-1.58548
2.02789
-1.26985
1.30076
-0.366428
-0.0863064
-1.00336
-0.0287236
0.320619
-0.401146
0.138042
1.08317
-0.540419
-0.421723
0.444821
0.633154
-0.0607574
1.19663
-1.58974
-0.859141
-0.901801
0.987741
-1.00254
0.0382501
1.55015
-1.50717
0.132836
-1.22246
-0.323456
1.30659
1.08154
0.485789
-0.196767
-0.814529
1.97642
-0.371355
1.05799
-1.98767
-0.772328
0.734359
0.632488
0.652998
-1.71618
1.48458
0.564207
0.2845
0.086933
-1.74038
-2.50327
0.894757
-0.381782
-1.69227
-1.33551
1.90342
0.300204
-0.491183
-2.41878
0.436623
-0.281631
0.986782
-0.541435
-2.86162
1.34194
1.21011
-0.0559808
0.707594
-1.32699
-0.462577
-0.317001
-0.425706
1.18901
-0.402884
-0.102409
-1.46855
1.27276
0.610581
-0.687293
-0.131834
0.229025
-1.28573
-1.52948
0.59919
-1.43925
-0.983595
1.36348
-0.312141
0.248684
-1.78612
-0.271848
-1.14501
-2.1507
2.90738
0.173247
-0.951895
0.332483
-0.163342
1.52933
-1.64554
0.84498
2.78328
2.08746
1.47795
-0.635188
1.28906
0.896248
0.0111049
1.24147
-0.257392
0.821993
-1.58181
-0.579277
-0.825495
1.26775
0.75314
-0.137747
2.74814
-1.15343
-0.562311
-1.24013
-1.6817
-0.353252
0.506897
0.785018
0.579345
-0.658554
-0.554277
0.294994
1.50263
1.07281
-2.1831
-1.44126
-0.514205
-0.0775871
-1.34407
0.180351
-1.47031
-0.876954
-0.445809
0.016795
0.499708
1.01934
0.0487557
0.634996
0.443528
0.337351
-0.343075
1.0249
2.73256
0.558017
0.941175
-1.32342
-0.451205
0.164697
0.111768
-0.11462
-0.814036
-0.513245
-0.219591
-0.256273
-0.378698
-0.890001
1.6185
-0.652968
-0.238094
-0.0144516
0.143404
-1.42014
0.796607
1.46393
1.32019
0.158742
0.536038
0.59769
-1.00855
-0.881105
0.0188714
1.07549
-1.41506
0.178556
0.323585
-2.28178
1.51866
0.960064
1.56312
-1.1596
0.837664
-0.663515
0.254507
-0.117799
0.682807
-0.0288036
0.339323
-1.29831
-1.18022
-0.749748
0.825105
0.120328
0.356901
-0.505348
-0.678158
-1.16818
0.286722
-0.459455
0.378023
0.836355
0.498474
0.383052
0.190831
0.135666
1.15725
0.6385
-0.85137
1.58357
1.39603
-0.552509
1.71838
