          0
          27
        2013
        7043
        7044
        9045
       10003
       11003
       12002
       12047
       15049
       23050
       26050
       28050
       30050
       37002
       38003
       40004
       41045
       43007
       44008
       44041
       47037
       48014
       48036
       49018
       49033
       50021
       50027
           0
          32
        1034
        2012
        3037
        3038
        5040
       10004
       12046
       12047
       13047
       15001
       19049
       23050
       27050
       29050
       33049
       34001
       35001
       39004
       39045
       41005
       43007
       45039
       47014
       48014
       49019
       49032
       50018
       50021
       50022
       50026
       50028
       50030
           1
          26
        1014
        2013
        3039
        4039
        5040
        5041
        7043
        9004
       10004
       11003
       14047
       14048
       26050
       33048
       38003
       38046
       39045
       40005
       42043
       45010
       47037
       49019
       49020
       49030
       50023
       50027
           0
          23
        1014
        2013
        7006
        7043
       10046
       11046
       13047
       14002
       28050
       30049
       32049
       36047
       37002
       40045
       42006
       47013
       47037
       48033
       49018
       50018
       50021
       50023
       50031
           0
          21
        6007
        6042
       10004
       14048
       15048
       22050
       34048
       35048
       38003
       44007
       44008
       44041
       45040
       46011
       47011
       49033
       50018
       50019
       50020
       50021
       50022
           0
          29
        1014
        2012
        4010
        6043
        7006
        9045
       11046
       12002
       14048
       15001
       17049
       21050
       32049
       34048
       40004
       40045
       45039
       45040
       46039
       47037
       48014
       50015
       50019
       50020
       50021
       50022
       50029
       50030
       50031
           1
          26
        1014
        1016
        1035
        2012
        3011
        3012
        4009
        4039
        4040
        5041
        6042
        7043
        8005
       14002
       16001
       21050
       28050
       33001
       43007
       44008
       45010
       46037
       48015
       48033
       50023
       50025
           1
          29
        1014
        1035
        2012
        2035
       10045
       16001
       16048
       22050
       23050
       27050
       30049
       34001
       34048
       35001
       39045
       42007
       43007
       44041
       45009
       45040
       46011
       47037
       49018
       49019
       49029
       49033
       50022
       50023
       50030
           0
          25
        1014
        2013
        2037
        3038
        6042
        9045
       13002
       14048
       26050
       27050
       35048
       38003
       39046
       42006
       42043
       44042
       48015
       48035
       49016
       50016
       50019
       50021
       50022
       50026
       50028
           0
          24
        2037
        3038
        4040
        7005
        7043
       11046
       14048
       23050
       24050
       31049
       36002
       44041
       45009
       45040
       47013
       47037
       48035
       49017
       49033
       50015
       50021
       50026
       50030
       50031
           0
          35
        1014
        1034
        2013
        3011
        3038
        5041
        6007
        8044
       10004
       14001
       15001
       15048
       16001
       19049
       30049
       31049
       33048
       34048
       35047
       36002
       36047
       37002
       38003
       38046
       39004
       39045
       40005
       41005
       42006
       42007
       42043
       48015
       50017
       50023
       50024
           1
          31
        1034
        2036
        2037
        5008
        9045
       13002
       14001
       14047
       23050
       28050
       29049
       33001
       36002
       36047
       37047
       39004
       41044
       42006
       43007
       43042
       45039
       47037
       49018
       49031
       50021
       50022
       50023
       50024
       50025
       50027
       50031
           0
          27
        1015
        2012
        3039
        4009
        5042
        7043
       10046
       11003
       12002
       16049
       19050
       31049
       32049
       36001
       38003
       41004
       41005
       42043
       43042
       45010
       46038
       48034
       49032
       50021
       50024
       50025
       50031
